 Input SVG file /Users/frankspear/Fortran_15/Gibbs6MDF/$Garnet_3B/Garnet_3B draft_1.svg.txt                                                                                                                                                                                     
 --------------------------------
  Segments 
   327       = numSegs
          x1                y1                x2              y2       length
    1   105.00000000   679.00000000   185.00000000   609.00000000   106.30145813
    2   217.00000000   609.00000000   267.00000000   680.00000000    86.83893136
    3   503.00000000   576.00000000   583.00000000   595.00000000    82.22530024
    4   572.00000000   678.00000000   597.00000000   625.00000000    58.60034130
    5   511.00000000   679.00000000   403.00000000   609.00000000   128.70120435
    6   334.00000000   679.00000000   350.00000000   609.00000000    71.80529228
    7   172.00000000   377.00000000   107.00000000   406.00000000    71.17583860
    8   364.00000000   512.00000000   439.00000000   514.00000000    75.02666193
    9   141.00000000   514.00000000   106.00000000   482.00000000    47.42362281
   10   296.00000000   418.00000000   317.00000000   389.00000000    35.80502758
   11   264.00000000   454.00000000   296.00000000   418.00000000    48.16637832
   12   264.00000000   454.00000000   247.00000000   378.00000000    77.87810989
   13   217.00000000   511.00000000   264.00000000   454.00000000    73.87827827
   14   247.00000000   311.00000000   254.00000000   261.00000000    50.48762225
   15   171.00000000   310.00000000   106.00000000   273.00000000    74.79304781
   16   106.00000000   183.00000000   198.00000000   207.00000000    95.07891459
   17   286.00000000   175.00000000   300.00000000   187.00000000    18.43908891
   18   257.00000000   188.00000000   286.00000000   175.00000000    31.78049716
   19   198.00000000   207.00000000   257.00000000   188.00000000    61.98386887
   20   268.00000000   153.00000000   250.00000000   124.00000000    34.13209633
   21   198.00000000   207.00000000   254.00000000   261.00000000    77.79460136
   22   254.00000000   261.00000000   324.00000000   242.00000000    72.53275122
   23   363.00000000   339.00000000   435.00000000   279.00000000    93.72299611
   24   247.00000000   344.00000000   294.00000000   340.00000000    47.16990566
   25   543.00000000   338.00000000   632.00000000   311.00000000    93.00537619
   26   621.00000000   241.00000000   633.00000000   251.00000000    15.62049935
   27   396.00000000   241.00000000   435.00000000   279.00000000    54.45181356
   28   435.00000000   279.00000000   550.00000000   243.00000000   120.50311199
   29   418.00000000   445.00000000   400.00000000   389.00000000    58.82176468
   30   590.00000000   453.00000000   554.00000000   390.00000000    72.56031973
   31   742.00000000   453.00000000   750.00000000   391.00000000    62.51399843
   32   837.00000000   453.00000000   877.00000000   426.00000000    48.25971405
   33   799.00000000   361.00000000   858.00000000   386.00000000    64.07807737
   34   732.00000000   361.00000000   799.00000000   361.00000000    67.00000000
   35   799.00000000   361.00000000   839.00000000   336.00000000    47.16990566
   36   173.00000000    58.00000000   106.00000000     1.00000000    87.96590248
   37   106.00000000   138.00000000   203.00000000   125.00000000    97.86725704
   38   345.00000000   161.00000000   308.00000000   149.00000000    38.89730068
   39   359.00000000   186.00000000   345.00000000   161.00000000    28.65309756
   40   494.00000000   184.00000000   417.00000000   121.00000000    99.48869282
   41   253.00000000    57.00000000   267.00000000     3.00000000    55.78530272
   42   428.00000000     5.00000000   392.00000000    60.00000000    65.73431372
   43   510.00000000    66.00000000   549.00000000     1.00000000    75.80237463
   44   408.00000000    89.00000000   510.00000000    66.00000000   104.56098699
   45   631.00000000   114.00000000   510.00000000    66.00000000   130.17296186
   46   596.00000000   184.00000000   654.00000000   156.00000000    64.40496875
   47   747.00000000   236.00000000   709.00000000   250.00000000    40.49691346
   48   672.00000000   248.00000000   678.00000000   204.00000000    44.40720662
   49   729.00000000   112.00000000   777.00000000     1.00000000   120.93386622
   50   920.00000000    36.00000000   908.00000000     5.00000000    33.24154028
   51   920.00000000    71.00000000   920.00000000    36.00000000    35.00000000
   52   719.00000000   338.00000000   708.00000000   313.00000000    27.31300057
   53   747.00000000   236.00000000   775.00000000   205.00000000    41.77319715
   54   747.00000000   236.00000000   798.00000000   246.00000000    51.97114584
   55   854.00000000   111.00000000   920.00000000    71.00000000    77.17512553
   56   920.00000000    71.00000000   980.00000000   118.00000000    76.21679605
   57   988.00000000   118.00000000  1039.00000000    69.00000000    70.72481884
   58  1038.00000000    42.00000000  1039.00000000    69.00000000    27.01851217
   59  1070.00000000     3.00000000  1038.00000000    42.00000000    50.44799302
   60  1074.00000000   110.00000000  1039.00000000    69.00000000    53.90732789
   61   982.00000000   177.00000000   984.00000000   124.00000000    53.03772242
   62  1078.00000000   149.00000000  1074.00000000   110.00000000    39.20459157
   63   958.00000000   194.00000000   982.00000000   177.00000000    29.41088234
   64   947.00000000   244.00000000   958.00000000   194.00000000    51.19570294
   65  1012.00000000   175.00000000   982.00000000   177.00000000    30.06659276
   66  1086.00000000   200.00000000  1012.00000000   175.00000000    78.10889834
   67   919.00000000   243.00000000   895.00000000   201.00000000    48.37354649
   68  1183.00000000     3.00000000  1074.00000000   110.00000000   152.74161188
   69  1247.00000000    78.00000000  1374.00000000     2.00000000   148.00337834
   70  1247.00000000    78.00000000  1255.00000000     5.00000000    73.43704787
   71  1145.00000000   155.00000000  1203.00000000   133.00000000    62.03224968
   72  1264.00000000   170.00000000  1375.00000000   135.00000000   116.38728453
   73  1203.00000000   133.00000000  1264.00000000   170.00000000    71.34423593
   74  1203.00000000   133.00000000  1247.00000000    78.00000000    70.43436661
   75  1263.00000000   335.00000000  1375.00000000   369.00000000   117.04699911
   76  1264.00000000   170.00000000  1222.00000000   243.00000000    84.21995013
   77  1147.00000000   213.00000000  1166.00000000   244.00000000    36.35931793
   78   968.00000000   383.00000000   996.00000000   336.00000000    54.70831747
   79  1159.00000000   382.00000000  1171.00000000   337.00000000    46.57252409
   80  1195.00000000   431.00000000  1212.00000000   472.00000000    44.38468204
   81  1177.00000000   421.00000000  1195.00000000   431.00000000    20.59126028
   82  1320.00000000   418.00000000  1276.00000000   407.00000000    45.35416188
   83  1372.00000000   413.00000000  1320.00000000   418.00000000    52.23983155
   84  1337.00000000   460.00000000  1376.00000000   454.00000000    39.45883931
   85  1318.00000000   476.00000000  1337.00000000   460.00000000    24.83948470
   86  1276.00000000   407.00000000  1210.00000000   338.00000000    95.48298278
   87   387.00000000   562.00000000   503.00000000   576.00000000   116.84177335
   88   503.00000000   576.00000000   532.00000000   515.00000000    67.54257916
   89   614.00000000   515.00000000   704.00000000   593.00000000   119.09659945
   90   778.00000000   593.00000000   756.00000000   515.00000000    81.04319836
   91   864.00000000   514.00000000   904.00000000   505.00000000    41.00000000
   92   848.00000000   482.00000000   945.00000000   462.00000000    99.04039580
   93   990.00000000   464.00000000   945.00000000   462.00000000    45.04442252
   94  1019.00000000   477.00000000   990.00000000   464.00000000    31.78049716
   95   992.00000000   558.00000000   953.00000000   563.00000000    39.31920650
   96  1052.00000000   572.00000000   992.00000000   558.00000000    61.61168720
   97   872.00000000   593.00000000   910.00000000   566.00000000    46.61544808
   98   945.00000000   462.00000000   952.00000000   425.00000000    37.65634077
   99  1052.00000000   572.00000000  1009.00000000   594.00000000    48.30113870
  100  1090.00000000   517.00000000  1052.00000000   572.00000000    66.85057965
  101  1075.00000000   632.00000000  1022.00000000   625.00000000    53.46026562
  102  1075.00000000   632.00000000  1023.00000000   680.00000000    70.76722405
  103   903.00000000   678.00000000   872.00000000   623.00000000    63.13477647
  104   680.00000000   680.00000000   718.00000000   625.00000000    66.85057965
  105  1150.00000000   613.00000000  1075.00000000   632.00000000    77.36924454
  106  1198.00000000   679.00000000  1150.00000000   613.00000000    81.60882305
  107  1227.00000000   562.00000000  1150.00000000   613.00000000    92.35799911
  108  1227.00000000   562.00000000  1136.00000000   516.00000000   101.96568050
  109  1291.00000000   592.00000000  1227.00000000   562.00000000    70.68238819
  110  1377.00000000   679.00000000  1291.00000000   592.00000000   122.33151679
  111  1376.00000000   594.00000000  1291.00000000   592.00000000    85.02352616
  112  1377.00000000   275.00000000  1315.00000000   247.00000000    68.02940541
  113  1375.00000000   543.00000000  1336.00000000   516.00000000    47.43416490
  114  1315.00000000   247.00000000  1243.00000000   288.00000000    82.85529555
  115  1372.00000000   185.00000000  1315.00000000   247.00000000    84.21995013
  116   105.00000000   679.00000000   267.00000000   680.00000000   162.00308639
  117   511.00000000   679.00000000   572.00000000   678.00000000    61.00819617
  118   572.00000000   678.00000000   680.00000000   680.00000000   108.01851693
  119   439.00000000   514.00000000   532.00000000   515.00000000    93.00537619
  120   532.00000000   515.00000000   614.00000000   515.00000000    82.00000000
  121   682.00000000   515.00000000   756.00000000   515.00000000    74.00000000
  122   614.00000000   515.00000000   682.00000000   515.00000000    68.00000000
  123   454.00000000   450.00000000   590.00000000   453.00000000   136.03308421
  124   418.00000000   445.00000000   454.00000000   450.00000000    36.34556369
  125   630.00000000   453.00000000   742.00000000   453.00000000   112.00000000
  126   590.00000000   453.00000000   630.00000000   453.00000000    40.00000000
  127   515.00000000   391.00000000   554.00000000   390.00000000    39.01281841
  128   442.00000000   393.00000000   515.00000000   391.00000000    73.02739212
  129   400.00000000   389.00000000   442.00000000   393.00000000    42.19004622
  130   554.00000000   390.00000000   750.00000000   391.00000000   196.00255100
  131   680.00000000   680.00000000   903.00000000   678.00000000   223.00896843
  132   903.00000000   678.00000000  1023.00000000   680.00000000   120.01666551
  133  1023.00000000   680.00000000  1198.00000000   679.00000000   175.00285712
  134  1198.00000000   679.00000000  1377.00000000   679.00000000   179.00000000
  135   267.00000000   680.00000000   334.00000000   679.00000000    67.00746227
  136   334.00000000   679.00000000   511.00000000   679.00000000   177.00000000
  137   305.00000000   609.00000000   350.00000000   609.00000000    45.00000000
  138   217.00000000   609.00000000   305.00000000   609.00000000    88.00000000
  139   185.00000000   609.00000000   217.00000000   609.00000000    32.00000000
  140   350.00000000   609.00000000   403.00000000   609.00000000    53.00000000
  141   105.00000000   679.00000000   106.00000000   482.00000000   197.00253805
  142   106.00000000   482.00000000   107.00000000   406.00000000    76.00657866
  143   107.00000000   406.00000000   106.00000000   273.00000000   133.00375935
  144   106.00000000   273.00000000   106.00000000   183.00000000    90.00000000
  145   106.00000000   183.00000000   106.00000000   138.00000000    45.00000000
  146   106.00000000   138.00000000   106.00000000     1.00000000   137.00000000
  147   203.00000000   125.00000000   173.00000000    58.00000000    73.40980861
  148   247.00000000   378.00000000   172.00000000   377.00000000    75.00666637
  149   371.00000000   389.00000000   317.00000000   389.00000000    54.00000000
  150   415.00000000   476.00000000   418.00000000   445.00000000    31.14482300
  151   439.00000000   514.00000000   415.00000000   476.00000000    44.94441011
  152   403.00000000   609.00000000   387.00000000   562.00000000    49.64876635
  153   387.00000000   562.00000000   364.00000000   512.00000000    55.03635162
  154   273.00000000   511.00000000   364.00000000   512.00000000    91.00549434
  155   217.00000000   511.00000000   273.00000000   511.00000000    56.00000000
  156   141.00000000   514.00000000   217.00000000   511.00000000    76.05918748
  157   185.00000000   609.00000000   141.00000000   514.00000000   104.69479452
  158   172.00000000   377.00000000   171.00000000   310.00000000    67.00746227
  159   171.00000000   310.00000000   247.00000000   311.00000000    76.00657866
  160   247.00000000   344.00000000   247.00000000   311.00000000    33.00000000
  161   247.00000000   378.00000000   247.00000000   344.00000000    34.00000000
  162   742.00000000   453.00000000   837.00000000   453.00000000    95.00000000
  163   837.00000000   453.00000000   848.00000000   482.00000000    31.01612484
  164   848.00000000   482.00000000   864.00000000   514.00000000    35.77708764
  165   756.00000000   515.00000000   864.00000000   514.00000000   108.00462953
  166   597.00000000   625.00000000   718.00000000   625.00000000   121.00000000
  167   583.00000000   595.00000000   704.00000000   593.00000000   121.01652780
  168   829.00000000   623.00000000   872.00000000   623.00000000    43.00000000
  169   718.00000000   625.00000000   829.00000000   623.00000000   111.01801656
  170   704.00000000   593.00000000   778.00000000   593.00000000    74.00000000
  171   583.00000000   595.00000000   597.00000000   625.00000000    33.10589071
  172   809.00000000   593.00000000   872.00000000   593.00000000    63.00000000
  173   778.00000000   593.00000000   809.00000000   593.00000000    31.00000000
  174   872.00000000   623.00000000  1022.00000000   625.00000000   150.01333274
  175   872.00000000   593.00000000  1009.00000000   594.00000000   137.00364959
  176   910.00000000   566.00000000   953.00000000   563.00000000    43.10452412
  177   900.00000000   530.00000000   904.00000000   505.00000000    25.31797780
  178   910.00000000   566.00000000   900.00000000   530.00000000    37.36308338
  179   904.00000000   505.00000000   977.00000000   486.00000000    75.43208866
  180   958.00000000   545.00000000   974.00000000   517.00000000    32.24903099
  181   953.00000000   563.00000000   958.00000000   545.00000000    18.68154169
  182  1377.00000000   679.00000000  1376.00000000   594.00000000    85.00588215
  183  1376.00000000   594.00000000  1375.00000000   543.00000000    51.00980298
  184  1375.00000000   543.00000000  1376.00000000   454.00000000    89.00561780
  185  1376.00000000   454.00000000  1372.00000000   413.00000000    41.19465985
  186  1372.00000000   413.00000000  1375.00000000   369.00000000    44.10215414
  187  1375.00000000   369.00000000  1377.00000000   275.00000000    94.02127419
  188  1377.00000000   275.00000000  1372.00000000   185.00000000    90.13878189
  189  1372.00000000   185.00000000  1375.00000000   135.00000000    50.08991915
  190  1375.00000000   135.00000000  1374.00000000     2.00000000   133.00375935
  191  1255.00000000     5.00000000  1374.00000000     2.00000000   119.03780912
  192  1183.00000000     3.00000000  1255.00000000     5.00000000    72.02777242
  193  1070.00000000     3.00000000  1183.00000000     3.00000000   113.00000000
  194   908.00000000     5.00000000  1070.00000000     3.00000000   162.01234521
  195   777.00000000     1.00000000   908.00000000     5.00000000   131.06105447
  196   549.00000000     1.00000000   777.00000000     1.00000000   228.00000000
  197   428.00000000     5.00000000   549.00000000     1.00000000   121.06609765
  198   267.00000000     3.00000000   428.00000000     5.00000000   161.01242188
  199   106.00000000     1.00000000   267.00000000     3.00000000   161.01242188
  200   173.00000000    58.00000000   253.00000000    57.00000000    80.00624976
  201   285.00000000    58.00000000   392.00000000    60.00000000   107.01868996
  202   253.00000000    57.00000000   285.00000000    58.00000000    32.01562119
  203   392.00000000    60.00000000   408.00000000    89.00000000    33.12099032
  204   408.00000000    89.00000000   417.00000000   121.00000000    33.24154028
  205   380.00000000   122.00000000   417.00000000   121.00000000    37.01351105
  206   339.00000000   124.00000000   380.00000000   122.00000000    41.04875150
  207   250.00000000   124.00000000   285.00000000   124.00000000    35.00000000
  208   203.00000000   125.00000000   250.00000000   124.00000000    47.01063709
  209   300.00000000   187.00000000   359.00000000   186.00000000    59.00847397
  210   426.00000000   184.00000000   494.00000000   184.00000000    68.00000000
  211   359.00000000   186.00000000   426.00000000   184.00000000    67.02984410
  212   550.00000000   243.00000000   621.00000000   241.00000000    71.02816343
  213   483.00000000   242.00000000   550.00000000   243.00000000    67.00746227
  214   396.00000000   241.00000000   483.00000000   242.00000000    87.00574694
  215   324.00000000   242.00000000   396.00000000   241.00000000    72.00694411
  216   300.00000000   187.00000000   324.00000000   242.00000000    60.00833275
  217   294.00000000   340.00000000   363.00000000   339.00000000    69.00724600
  218   596.00000000   184.00000000   621.00000000   241.00000000    62.24146528
  219   494.00000000   184.00000000   596.00000000   184.00000000   102.00000000
  220   480.00000000   338.00000000   543.00000000   338.00000000    63.00000000
  221   363.00000000   339.00000000   480.00000000   338.00000000   117.00427343
  222   543.00000000   338.00000000   719.00000000   338.00000000   176.00000000
  223   294.00000000   340.00000000   317.00000000   389.00000000    54.12947441
  224   732.00000000   361.00000000   750.00000000   391.00000000    34.98571137
  225   719.00000000   338.00000000   732.00000000   361.00000000    26.41968963
  226   709.00000000   250.00000000   708.00000000   313.00000000    63.00793601
  227   633.00000000   251.00000000   632.00000000   311.00000000    60.00833275
  228   633.00000000   251.00000000   672.00000000   248.00000000    39.11521443
  229   672.00000000   248.00000000   709.00000000   250.00000000    37.05401463
  230   632.00000000   311.00000000   708.00000000   313.00000000    76.02631123
  231  1166.00000000   244.00000000  1222.00000000   243.00000000    56.00892786
  232  1018.00000000   244.00000000  1166.00000000   244.00000000   148.00000000
  233   947.00000000   244.00000000  1018.00000000   244.00000000    71.00000000
  234   919.00000000   243.00000000   947.00000000   244.00000000    28.01785145
  235   798.00000000   246.00000000   919.00000000   243.00000000   121.03718437
  236   839.00000000   336.00000000   996.00000000   336.00000000   157.00000000
  237  1063.00000000   336.00000000  1171.00000000   337.00000000   108.00462953
  238   996.00000000   336.00000000  1063.00000000   336.00000000    67.00000000
  239  1171.00000000   337.00000000  1210.00000000   338.00000000    39.01281841
  240  1210.00000000   338.00000000  1263.00000000   335.00000000    53.08483776
  241  1018.00000000   382.00000000  1159.00000000   382.00000000   141.00000000
  242   968.00000000   383.00000000  1018.00000000   382.00000000    50.00999900
  243   858.00000000   386.00000000   968.00000000   383.00000000   110.04090149
  244  1048.00000000   423.00000000  1177.00000000   421.00000000   129.01550294
  245   952.00000000   425.00000000  1048.00000000   423.00000000    96.02083107
  246   877.00000000   426.00000000   952.00000000   425.00000000    75.00666637
  247   654.00000000   156.00000000   678.00000000   204.00000000    53.66563146
  248  1222.00000000   243.00000000  1243.00000000   288.00000000    49.65883607
  249  1243.00000000   288.00000000  1263.00000000   335.00000000    51.07837116
  250   798.00000000   246.00000000   839.00000000   336.00000000    98.89893832
  251   631.00000000   114.00000000   654.00000000   156.00000000    47.88527958
  252   678.00000000   204.00000000   775.00000000   205.00000000    97.00515450
  253   631.00000000   114.00000000   729.00000000   112.00000000    98.02040604
  254   803.00000000   204.00000000   895.00000000   201.00000000    92.04890005
  255   775.00000000   205.00000000   803.00000000   204.00000000    28.01785145
  256   887.00000000   158.00000000   895.00000000   201.00000000    43.73785546
  257   854.00000000   111.00000000   887.00000000   158.00000000    57.42821606
  258  1086.00000000   200.00000000  1147.00000000   213.00000000    62.36986452
  259  1078.00000000   149.00000000  1145.00000000   155.00000000    67.26812024
  260   755.00000000   111.00000000   854.00000000   111.00000000    99.00000000
  261   729.00000000   112.00000000   755.00000000   111.00000000    26.01922366
  262  1075.00000000   175.00000000  1078.00000000   149.00000000    26.17250466
  263  1086.00000000   200.00000000  1075.00000000   175.00000000    27.31300057
  264  1147.00000000   213.00000000  1145.00000000   155.00000000    58.03447251
  265  1170.00000000   473.00000000  1212.00000000   472.00000000    42.01190308
  266  1019.00000000   477.00000000  1170.00000000   473.00000000   151.05297084
  267  1212.00000000   472.00000000  1249.00000000   475.00000000    37.12142239
  268  1275.00000000   476.00000000  1318.00000000   476.00000000    43.00000000
  269  1019.00000000   477.00000000  1038.00000000   517.00000000    44.28317965
  270  1204.00000000   516.00000000  1336.00000000   516.00000000   132.00000000
  271  1136.00000000   516.00000000  1204.00000000   516.00000000    68.00000000
  272  1038.00000000   517.00000000  1090.00000000   517.00000000    52.00000000
  273  1090.00000000   517.00000000  1136.00000000   516.00000000    46.01086828
  274  1318.00000000   476.00000000  1336.00000000   516.00000000    43.86342440
  275  1009.00000000   594.00000000  1022.00000000   625.00000000    33.61547263
  276   877.00000000   426.00000000   858.00000000   386.00000000    44.28317965
  277  1177.00000000   421.00000000  1159.00000000   382.00000000    42.95346319
  278   312.00000000   124.00000000   285.00000000   124.00000000    27.00000000
  279   339.00000000   124.00000000   312.00000000   124.00000000    27.00000000
  280   980.00000000   121.00000000   980.00000000   118.00000000     3.00000000
  281   984.00000000   124.00000000   980.00000000   121.00000000     5.00000000
  282   984.00000000   115.00000000   988.00000000   118.00000000     5.00000000
  283   980.00000000   118.00000000   984.00000000   115.00000000     5.00000000
  284   987.00000000   121.00000000   984.00000000   124.00000000     4.24264069
  285   988.00000000   118.00000000   987.00000000   121.00000000     3.16227766
  286  1007.00000000   519.00000000   974.00000000   517.00000000    33.06055051
  287  1038.00000000   517.00000000  1007.00000000   519.00000000    31.06444913
  288   400.00000000   389.00000000   371.00000000   389.00000000    29.00000000
  289   257.00000000   188.00000000   268.00000000   153.00000000    36.68787266
  290   268.00000000   153.00000000   285.00000000   124.00000000    33.61547263
  291   286.00000000   175.00000000   308.00000000   149.00000000    34.05877273
  292   380.00000000   122.00000000   345.00000000   161.00000000    52.40229003
  293   339.00000000   124.00000000   308.00000000   149.00000000    39.82461550
  294   981.00000000    67.00000000   984.00000000   115.00000000    48.09365863
  295  1038.00000000    42.00000000   981.00000000    67.00000000    62.24146528
  296   920.00000000    36.00000000   981.00000000    67.00000000    68.42514158
  297  1019.00000000   153.00000000  1012.00000000   175.00000000    23.08679276
  298  1075.00000000   175.00000000  1019.00000000   153.00000000    60.16643583
  299  1019.00000000   153.00000000   987.00000000   121.00000000    45.25483400
  300   958.00000000   194.00000000   937.00000000   157.00000000    42.54409477
  301   937.00000000   157.00000000   980.00000000   121.00000000    56.08029957
  302   887.00000000   158.00000000   937.00000000   157.00000000    50.00999900
  303   900.00000000   530.00000000   958.00000000   545.00000000    59.90826320
  304  1007.00000000   519.00000000   992.00000000   558.00000000    41.78516483
  305   977.00000000   486.00000000   974.00000000   517.00000000    31.14482300
  306   977.00000000   486.00000000   990.00000000   464.00000000    25.55386468
  307   442.00000000   393.00000000   454.00000000   450.00000000    58.24946352
  308   415.00000000   476.00000000   334.00000000   421.00000000    97.90812019
  309   334.00000000   421.00000000   296.00000000   418.00000000    38.11823711
  310   334.00000000   421.00000000   371.00000000   389.00000000    48.91829923
  311  1275.00000000   476.00000000  1249.00000000   475.00000000    26.01922366
  312  1301.00000000   446.00000000  1320.00000000   418.00000000    33.83784863
  313  1301.00000000   446.00000000  1275.00000000   476.00000000    39.69886648
  314  1337.00000000   460.00000000  1301.00000000   446.00000000    38.62641583
  315  1238.00000000   431.00000000  1195.00000000   431.00000000    43.00000000
  316  1249.00000000   475.00000000  1238.00000000   431.00000000    45.35416188
  317  1276.00000000   407.00000000  1238.00000000   431.00000000    44.94441011
  318   483.00000000   242.00000000   426.00000000   184.00000000    81.32035416
  319   312.00000000   124.00000000   285.00000000    58.00000000    71.30918594
  320   515.00000000   391.00000000   480.00000000   338.00000000    63.51377803
  321   682.00000000   515.00000000   630.00000000   453.00000000    80.91971330
  322   809.00000000   593.00000000   829.00000000   623.00000000    36.05551275
  323  1018.00000000   244.00000000  1063.00000000   336.00000000   102.41581909
  324  1048.00000000   423.00000000  1018.00000000   382.00000000    50.80354318
  325  1170.00000000   473.00000000  1204.00000000   516.00000000    54.81788029
  326   755.00000000   111.00000000   803.00000000   204.00000000   104.65658126
  327   305.00000000   609.00000000   273.00000000   511.00000000   103.09219175
   105.000000000000  1377.00000000000  = minX, maxX 
   1.00000000000000  680.000000000000  = minY, maxY 
 --------------------------------
  Nodes 
   218       = numNodes
 node      NodeX       NodeY   numNodeSegs     nodeNodeConnect   nodeSegConnect nodeSegEnd
    1     105.000     679.000    3         2    1 1         4  116 1        18  141 1
    2     185.000     609.000    3         1    1 2        17  157 1         3  139 1
    3     217.000     609.000    3         4    2 1         2  139 2       178  138 1
    4     267.000     680.000    3         3    2 2        11  135 1         1  116 2
    5     503.000     576.000    3         6    3 1       133   87 2       134   88 1
    6     583.000     595.000    3         5    3 2       136  167 1         8  171 1
    7     572.000     678.000    3         8    4 1       158  118 1         9  117 2
    8     597.000     625.000    3         7    4 2         6  171 2       159  166 1
    9     511.000     679.000    3        10    5 1         7  117 1        11  136 2
   10     403.000     609.000    3         9    5 2        12  140 2       133  152 1
   11     334.000     679.000    3        12    6 1         9  136 1         4  135 2
   12     350.000     609.000    3        11    6 2       178  137 2        10  140 1
   13     172.000     377.000    3        14    7 1        26  158 1        22  148 2
   14     107.000     406.000    3        13    7 2        18  142 2        27  143 1
   15     364.000     512.000    3        16    8 1       133  153 2       181  154 2
   16     439.000     514.000    3        15    8 2       180  151 1       134  119 1
   17     141.000     514.000    3        18    9 1        23  156 1         2  157 2
   18     106.000     482.000    3        17    9 2         1  141 2        14  142 1
   19     296.000     418.000    3        20   10 1       216  309 2        21   11 2
   20     317.000     389.000    3        19   10 2        39  223 2       179  149 2
   21     264.000     454.000    3        19   11 1        23   13 2        22   12 1
   22     247.000     378.000    3        21   12 2        13  148 1        38  161 1
   23     217.000     511.000    3        21   13 1       181  155 1        17  156 2
   24     247.000     311.000    3        25   14 1        38  160 2        26  159 2
   25     254.000     261.000    3        24   14 2        29   21 2        35   22 1
   26     171.000     310.000    3        27   15 1        24  159 1        13  158 2
   27     106.000     273.000    3        26   15 2        14  143 2        28  144 1
   28     106.000     183.000    3        29   16 1        27  144 2        60  145 1
   29     198.000     207.000    3        28   16 2        32   19 1        25   21 1
   30     286.000     175.000    3        31   17 1        32   18 2        63  291 1
   31     300.000     187.000    3        30   17 2        64  209 1        35  216 1
   32     257.000     188.000    3        30   18 1        29   19 2        33  289 1
   33     268.000     153.000    3        34   20 1       191  290 1        32  289 2
   34     250.000     124.000    3        33   20 2        61  208 2       191  207 1
   35     324.000     242.000    3        25   22 2        31  216 2        44  215 1
   36     363.000     339.000    3        37   23 1       194  221 1        39  217 2
   37     435.000     279.000    3        36   23 2        44   27 2        45   28 1
   38     247.000     344.000    3        39   24 1        22  161 2        24  160 1
   39     294.000     340.000    3        38   24 2        36  217 1        20  223 1
   40     543.000     338.000    3        41   25 1        86  222 1       194  220 2
   41     632.000     311.000    3        40   25 2        43  227 2        87  230 1
   42     621.000     241.000    3        43   26 1        45  212 2        75  218 2
   43     633.000     251.000    3        42   26 2        79  228 1        41  227 1
   44     396.000     241.000    3        37   27 1        35  215 2       193  214 1
   45     550.000     243.000    3        37   28 2       193  213 2        42  212 1
   46     418.000     445.000    3        47   29 1       174  124 1       180  150 2
   47     400.000     389.000    3        46   29 2       179  288 1       177  129 1
   48     590.000     453.000    3        49   30 1       175  126 1       174  123 2
   49     554.000     390.000    3        48   30 2       176  127 2        51  130 1
   50     742.000     453.000    3        51   31 1        52  162 1       175  125 2
   51     750.000     391.000    3        50   31 2        49  130 2        56  224 2
   52     837.000     453.000    3        53   32 1       141  163 1        50  162 2
   53     877.000     426.000    3        52   32 2        55  276 1       150  246 1
   54     799.000     361.000    3        55   33 1        56   34 2        57   35 1
   55     858.000     386.000    3        54   33 2       119  243 1        53  276 2
   56     732.000     361.000    3        54   34 1        51  224 1        86  225 2
   57     839.000     336.000    3        54   35 2        89  250 2       120  236 1
   58     173.000      58.000    3        59   36 1        67  200 1        61  147 2
   59     106.000       1.000    3        58   36 2        60  146 2        68  199 1
   60     106.000     138.000    3        61   37 1        28  145 2        59  146 1
   61     203.000     125.000    3        60   37 2        58  147 1        34  208 1
   62     345.000     161.000    3        63   38 1       189  292 2        64   39 2
   63     308.000     149.000    3        62   38 2        30  291 2       190  293 2
   64     359.000     186.000    3        62   39 1       192  211 1        31  209 2
   65     494.000     184.000    3        66   40 1        75  219 1       192  210 2
   66     417.000     121.000    3        65   40 2       189  205 2        73  204 2
   67     253.000      57.000    3        68   41 1       188  202 1        58  200 2
   68     267.000       3.000    3        67   41 2        59  199 2        69  198 1
   69     428.000       5.000    3        70   42 1        68  198 2        72  197 1
   70     392.000      60.000    3        69   42 2        73  203 1       188  201 2
   71     510.000      66.000    3        72   43 1        74   45 2        73   44 2
   72     549.000       1.000    3        71   43 2        69  197 2        82  196 1
   73     408.000      89.000    3        71   44 1        66  204 1        70  203 2
   74     631.000     114.000    3        71   45 1        81  253 1        76  251 1
   75     596.000     184.000    3        76   46 1        42  218 1        65  219 2
   76     654.000     156.000    3        75   46 2        74  251 2        80  247 1
   77     747.000     236.000    3        78   47 1        88   53 1        89   54 1
   78     709.000     250.000    3        77   47 2        87  226 1        79  229 2
   79     672.000     248.000    3        80   48 1        78  229 1        43  228 2
   80     678.000     204.000    3        79   48 2        76  247 2        88  252 1
   81     729.000     112.000    3        82   49 1       201  261 1        74  253 2
   82     777.000       1.000    3        81   49 2        72  196 2        84  195 1
   83     920.000      36.000    3        84   50 1       213  296 1        85   51 2
   84     908.000       5.000    3        83   50 2        82  195 2        95  194 1
   85     920.000      71.000    3        83   51 1        91   56 1        90   55 2
   86     719.000     338.000    3        87   52 1        56  225 1        40  222 2
   87     708.000     313.000    3        86   52 2        41  230 2        78  226 2
   88     775.000     205.000    3        77   53 2        80  252 2       199  255 1
   89     798.000     246.000    3        77   54 2       104  235 1        57  250 1
   90     854.000     111.000    3        85   55 1       200  257 1       201  260 2
   91     980.000     118.000    3        85   56 2       210  283 1       209  280 2
   92     988.000     118.000    3        93   57 1       211  285 1       210  282 2
   93    1039.000      69.000    3        92   57 2        94   58 2        96   60 2
   94    1038.000      42.000    3        93   58 1       213  295 1        95   59 2
   95    1070.000       3.000    3        94   59 1        84  194 2       106  193 1
   96    1074.000     110.000    3        93   60 1       106   68 2        99   62 2
   97     982.000     177.000    3        98   61 1       102   65 2       100   63 2
   98     984.000     124.000    3        97   61 2       209  281 1       211  284 2
   99    1078.000     149.000    3        96   62 1       110  259 1       202  262 2
  100     958.000     194.000    3        97   63 1       101   64 2       215  300 1
  101     947.000     244.000    3       100   64 1       195  233 1       104  234 2
  102    1012.000     175.000    3        97   65 1       214  297 2       103   66 2
  103    1086.000     200.000    3       102   66 1       202  263 1       117  258 1
  104     919.000     243.000    3       105   67 1       101  234 1        89  235 2
  105     895.000     201.000    3       104   67 2       199  254 2       200  256 2
  106    1183.000       3.000    3        96   68 1        95  193 2       109  192 1
  107    1247.000      78.000    3       108   69 1       111   74 2       109   70 1
  108    1374.000       2.000    3       107   69 2       109  191 2       113  190 2
  109    1255.000       5.000    3       107   70 2       106  192 2       108  191 1
  110    1145.000     155.000    3       111   71 1       117  264 2        99  259 2
  111    1203.000     133.000    3       110   71 2       107   74 1       112   73 1
  112    1264.000     170.000    3       113   72 1       116   76 1       111   73 2
  113    1375.000     135.000    3       112   72 2       108  190 1       172  189 2
  114    1263.000     335.000    3       115   75 1       132  240 2       171  249 2
  115    1375.000     369.000    3       114   75 2       167  187 1       128  186 2
  116    1222.000     243.000    3       112   76 2       171  248 1       118  231 2
  117    1147.000     213.000    3       118   77 1       103  258 2       110  264 1
  118    1166.000     244.000    3       117   77 2       116  231 1       195  232 2
  119     968.000     383.000    3       120   78 1       197  242 1        55  243 2
  120     996.000     336.000    3       119   78 2        57  236 2       196  238 1
  121    1159.000     382.000    3       122   79 1       125  277 2       197  241 2
  122    1171.000     337.000    3       121   79 2       196  237 2       132  239 1
  123    1195.000     431.000    3       124   80 1       125   81 2       218  315 2
  124    1212.000     472.000    3       123   80 2       204  267 1       203  265 2
  125    1177.000     421.000    3       123   81 1       198  244 2       121  277 1
  126    1320.000     418.000    3       127   82 1       128   83 2       217  312 2
  127    1276.000     407.000    3       126   82 2       218  317 1       132   86 1
  128    1372.000     413.000    3       126   83 1       115  186 1       130  185 2
  129    1337.000     460.000    3       130   84 1       131   85 2       217  314 1
  130    1376.000     454.000    3       129   84 2       128  185 1       169  184 2
  131    1318.000     476.000    3       129   85 1       170  274 1       205  268 2
  132    1210.000     338.000    3       127   86 2       122  239 2       114  240 1
  133     387.000     562.000    3         5   87 1        10  152 2        15  153 1
  134     532.000     515.000    3         5   88 2        16  119 2       135  120 1
  135     614.000     515.000    3       136   89 1       134  120 2       173  122 1
  136     704.000     593.000    3       135   89 2       137  170 1         6  167 2
  137     778.000     593.000    3       138   90 1       183  173 1       136  170 2
  138     756.000     515.000    3       137   90 2       173  121 2       139  165 1
  139     864.000     514.000    3       140   91 1       138  165 2       141  164 2
  140     904.000     505.000    3       139   91 2       185  179 1       184  177 2
  141     848.000     482.000    3       142   92 1       139  164 1        52  163 2
  142     945.000     462.000    3       141   92 2       150   98 1       143   93 2
  143     990.000     464.000    3       142   93 1       144   94 2       185  306 2
  144    1019.000     477.000    3       143   94 1       203  266 1       206  269 1
  145     992.000     558.000    3       146   95 1       212  304 2       147   96 2
  146     953.000     563.000    3       145   95 2       149  176 2       186  181 1
  147    1052.000     572.000    3       145   96 1       152  100 2       151   99 1
  148     872.000     593.000    3       149   97 1       151  175 1       183  172 2
  149     910.000     566.000    3       148   97 2       184  178 1       146  176 1
  150     952.000     425.000    3       142   98 2        53  246 2       198  245 1
  151    1009.000     594.000    3       147   99 2       154  275 1       148  175 2
  152    1090.000     517.000    3       147  100 1       206  272 2       163  273 1
  153    1075.000     632.000    3       154  101 1       160  105 2       155  102 1
  154    1022.000     625.000    3       153  101 2       157  174 2       151  275 2
  155    1023.000     680.000    3       153  102 2       161  133 1       156  132 2
  156     903.000     678.000    3       157  103 1       155  132 1       158  131 2
  157     872.000     623.000    3       156  103 2       182  168 2       154  174 1
  158     680.000     680.000    3       159  104 1       156  131 1         7  118 2
  159     718.000     625.000    3       158  104 2         8  166 2       182  169 1
  160    1150.000     613.000    3       153  105 1       162  107 2       161  106 2
  161    1198.000     679.000    3       160  106 1       165  134 1       155  133 2
  162    1227.000     562.000    3       160  107 1       163  108 1       164  109 2
  163    1136.000     516.000    3       162  108 2       152  273 2       207  271 1
  164    1291.000     592.000    3       162  109 1       166  111 2       165  110 2
  165    1377.000     679.000    3       164  110 1       166  182 1       161  134 2
  166    1376.000     594.000    3       164  111 1       169  183 1       165  182 2
  167    1377.000     275.000    3       168  112 1       172  188 1       115  187 2
  168    1315.000     247.000    3       167  112 2       171  114 1       172  115 2
  169    1375.000     543.000    3       170  113 1       130  184 1       166  183 2
  170    1336.000     516.000    3       169  113 2       207  270 2       131  274 2
  171    1243.000     288.000    3       168  114 2       114  249 1       116  248 2
  172    1372.000     185.000    3       168  115 1       113  189 1       167  188 2
  173     682.000     515.000    3       138  121 1       135  122 2       175  321 1
  174     454.000     450.000    3        48  123 1        46  124 2       177  307 2
  175     630.000     453.000    3        50  125 1       173  321 2        48  126 2
  176     515.000     391.000    3        49  127 1       177  128 2       194  320 1
  177     442.000     393.000    3       176  128 1       174  307 1        47  129 2
  178     305.000     609.000    3        12  137 1         3  138 2       181  327 1
  179     371.000     389.000    3        20  149 1        47  288 2       216  310 2
  180     415.000     476.000    3        46  150 1        16  151 2       216  308 1
  181     273.000     511.000    3        15  154 1       178  327 2        23  155 2
  182     829.000     623.000    3       157  168 1       159  169 2       183  322 2
  183     809.000     593.000    3       148  172 1       182  322 1       137  173 2
  184     900.000     530.000    3       140  177 1       186  303 1       149  178 2
  185     977.000     486.000    3       140  179 2       143  306 1       187  305 1
  186     958.000     545.000    3       187  180 1       146  181 2       184  303 2
  187     974.000     517.000    3       186  180 2       185  305 2       212  286 2
  188     285.000      58.000    3        70  201 1       208  319 2        67  202 2
  189     380.000     122.000    3        66  205 1        62  292 1       190  206 2
  190     339.000     124.000    3       189  206 1        63  293 1       208  279 1
  191     285.000     124.000    3        34  207 2       208  278 2        33  290 2
  192     426.000     184.000    3        65  210 1       193  318 2        64  211 2
  193     483.000     242.000    3        45  213 1        44  214 2       192  318 1
  194     480.000     338.000    3        40  220 1       176  320 2        36  221 2
  195    1018.000     244.000    3       118  232 1       196  323 1       101  233 2
  196    1063.000     336.000    3       122  237 1       120  238 2       195  323 2
  197    1018.000     382.000    3       121  241 1       198  324 2       119  242 2
  198    1048.000     423.000    3       125  244 1       150  245 2       197  324 1
  199     803.000     204.000    3       105  254 1        88  255 2       201  326 2
  200     887.000     158.000    3       105  256 1        90  257 2       215  302 1
  201     755.000     111.000    3        90  260 1       199  326 1        81  261 2
  202    1075.000     175.000    3        99  262 1       103  263 2       214  298 1
  203    1170.000     473.000    3       124  265 1       207  325 1       144  266 2
  204    1249.000     475.000    3       124  267 2       218  316 1       205  311 2
  205    1275.000     476.000    3       131  268 1       204  311 1       217  313 2
  206    1038.000     517.000    3       144  269 2       152  272 1       212  287 1
  207    1204.000     516.000    3       170  270 1       163  271 2       203  325 2
  208     312.000     124.000    3       191  278 1       188  319 1       190  279 2
  209     980.000     121.000    3        91  280 1        98  281 2       215  301 2
  210     984.000     115.000    3        92  282 1        91  283 2       213  294 2
  211     987.000     121.000    3        98  284 1        92  285 2       214  299 2
  212    1007.000     519.000    3       187  286 1       206  287 2       145  304 1
  213     981.000      67.000    3       210  294 1        83  296 2        94  295 2
  214    1019.000     153.000    3       102  297 1       211  299 1       202  298 2
  215     937.000     157.000    3       100  300 2       200  302 2       209  301 1
  216     334.000     421.000    3       180  308 2        19  309 1       179  310 1
  217    1301.000     446.000    3       126  312 1       129  314 2       205  313 1
  218    1238.000     431.000    3       123  315 1       127  317 2       204  316 2
 --------------------------------
  Nodes at ends of segments and segment xy 
  Seg   SegNode1   segX    segY      SegNode2     segX     segY 
    1    1     105.000     679.000    2     185.000     609.000
    2    3     217.000     609.000    4     267.000     680.000
    3    5     503.000     576.000    6     583.000     595.000
    4    7     572.000     678.000    8     597.000     625.000
    5    9     511.000     679.000   10     403.000     609.000
    6   11     334.000     679.000   12     350.000     609.000
    7   13     172.000     377.000   14     107.000     406.000
    8   15     364.000     512.000   16     439.000     514.000
    9   17     141.000     514.000   18     106.000     482.000
   10   19     296.000     418.000   20     317.000     389.000
   11   21     264.000     454.000   19     296.000     418.000
   12   21     264.000     454.000   22     247.000     378.000
   13   23     217.000     511.000   21     264.000     454.000
   14   24     247.000     311.000   25     254.000     261.000
   15   26     171.000     310.000   27     106.000     273.000
   16   28     106.000     183.000   29     198.000     207.000
   17   30     286.000     175.000   31     300.000     187.000
   18   32     257.000     188.000   30     286.000     175.000
   19   29     198.000     207.000   32     257.000     188.000
   20   33     268.000     153.000   34     250.000     124.000
   21   29     198.000     207.000   25     254.000     261.000
   22   25     254.000     261.000   35     324.000     242.000
   23   36     363.000     339.000   37     435.000     279.000
   24   38     247.000     344.000   39     294.000     340.000
   25   40     543.000     338.000   41     632.000     311.000
   26   42     621.000     241.000   43     633.000     251.000
   27   44     396.000     241.000   37     435.000     279.000
   28   37     435.000     279.000   45     550.000     243.000
   29   46     418.000     445.000   47     400.000     389.000
   30   48     590.000     453.000   49     554.000     390.000
   31   50     742.000     453.000   51     750.000     391.000
   32   52     837.000     453.000   53     877.000     426.000
   33   54     799.000     361.000   55     858.000     386.000
   34   56     732.000     361.000   54     799.000     361.000
   35   54     799.000     361.000   57     839.000     336.000
   36   58     173.000      58.000   59     106.000       1.000
   37   60     106.000     138.000   61     203.000     125.000
   38   62     345.000     161.000   63     308.000     149.000
   39   64     359.000     186.000   62     345.000     161.000
   40   65     494.000     184.000   66     417.000     121.000
   41   67     253.000      57.000   68     267.000       3.000
   42   69     428.000       5.000   70     392.000      60.000
   43   71     510.000      66.000   72     549.000       1.000
   44   73     408.000      89.000   71     510.000      66.000
   45   74     631.000     114.000   71     510.000      66.000
   46   75     596.000     184.000   76     654.000     156.000
   47   77     747.000     236.000   78     709.000     250.000
   48   79     672.000     248.000   80     678.000     204.000
   49   81     729.000     112.000   82     777.000       1.000
   50   83     920.000      36.000   84     908.000       5.000
   51   85     920.000      71.000   83     920.000      36.000
   52   86     719.000     338.000   87     708.000     313.000
   53   77     747.000     236.000   88     775.000     205.000
   54   77     747.000     236.000   89     798.000     246.000
   55   90     854.000     111.000   85     920.000      71.000
   56   85     920.000      71.000   91     980.000     118.000
   57   92     988.000     118.000   93    1039.000      69.000
   58   94    1038.000      42.000   93    1039.000      69.000
   59   95    1070.000       3.000   94    1038.000      42.000
   60   96    1074.000     110.000   93    1039.000      69.000
   61   97     982.000     177.000   98     984.000     124.000
   62   99    1078.000     149.000   96    1074.000     110.000
   63  100     958.000     194.000   97     982.000     177.000
   64  101     947.000     244.000  100     958.000     194.000
   65  102    1012.000     175.000   97     982.000     177.000
   66  103    1086.000     200.000  102    1012.000     175.000
   67  104     919.000     243.000  105     895.000     201.000
   68  106    1183.000       3.000   96    1074.000     110.000
   69  107    1247.000      78.000  108    1374.000       2.000
   70  107    1247.000      78.000  109    1255.000       5.000
   71  110    1145.000     155.000  111    1203.000     133.000
   72  112    1264.000     170.000  113    1375.000     135.000
   73  111    1203.000     133.000  112    1264.000     170.000
   74  111    1203.000     133.000  107    1247.000      78.000
   75  114    1263.000     335.000  115    1375.000     369.000
   76  112    1264.000     170.000  116    1222.000     243.000
   77  117    1147.000     213.000  118    1166.000     244.000
   78  119     968.000     383.000  120     996.000     336.000
   79  121    1159.000     382.000  122    1171.000     337.000
   80  123    1195.000     431.000  124    1212.000     472.000
   81  125    1177.000     421.000  123    1195.000     431.000
   82  126    1320.000     418.000  127    1276.000     407.000
   83  128    1372.000     413.000  126    1320.000     418.000
   84  129    1337.000     460.000  130    1376.000     454.000
   85  131    1318.000     476.000  129    1337.000     460.000
   86  127    1276.000     407.000  132    1210.000     338.000
   87  133     387.000     562.000    5     503.000     576.000
   88    5     503.000     576.000  134     532.000     515.000
   89  135     614.000     515.000  136     704.000     593.000
   90  137     778.000     593.000  138     756.000     515.000
   91  139     864.000     514.000  140     904.000     505.000
   92  141     848.000     482.000  142     945.000     462.000
   93  143     990.000     464.000  142     945.000     462.000
   94  144    1019.000     477.000  143     990.000     464.000
   95  145     992.000     558.000  146     953.000     563.000
   96  147    1052.000     572.000  145     992.000     558.000
   97  148     872.000     593.000  149     910.000     566.000
   98  142     945.000     462.000  150     952.000     425.000
   99  147    1052.000     572.000  151    1009.000     594.000
  100  152    1090.000     517.000  147    1052.000     572.000
  101  153    1075.000     632.000  154    1022.000     625.000
  102  153    1075.000     632.000  155    1023.000     680.000
  103  156     903.000     678.000  157     872.000     623.000
  104  158     680.000     680.000  159     718.000     625.000
  105  160    1150.000     613.000  153    1075.000     632.000
  106  161    1198.000     679.000  160    1150.000     613.000
  107  162    1227.000     562.000  160    1150.000     613.000
  108  162    1227.000     562.000  163    1136.000     516.000
  109  164    1291.000     592.000  162    1227.000     562.000
  110  165    1377.000     679.000  164    1291.000     592.000
  111  166    1376.000     594.000  164    1291.000     592.000
  112  167    1377.000     275.000  168    1315.000     247.000
  113  169    1375.000     543.000  170    1336.000     516.000
  114  168    1315.000     247.000  171    1243.000     288.000
  115  172    1372.000     185.000  168    1315.000     247.000
  116    1     105.000     679.000    4     267.000     680.000
  117    9     511.000     679.000    7     572.000     678.000
  118    7     572.000     678.000  158     680.000     680.000
  119   16     439.000     514.000  134     532.000     515.000
  120  134     532.000     515.000  135     614.000     515.000
  121  173     682.000     515.000  138     756.000     515.000
  122  135     614.000     515.000  173     682.000     515.000
  123  174     454.000     450.000   48     590.000     453.000
  124   46     418.000     445.000  174     454.000     450.000
  125  175     630.000     453.000   50     742.000     453.000
  126   48     590.000     453.000  175     630.000     453.000
  127  176     515.000     391.000   49     554.000     390.000
  128  177     442.000     393.000  176     515.000     391.000
  129   47     400.000     389.000  177     442.000     393.000
  130   49     554.000     390.000   51     750.000     391.000
  131  158     680.000     680.000  156     903.000     678.000
  132  156     903.000     678.000  155    1023.000     680.000
  133  155    1023.000     680.000  161    1198.000     679.000
  134  161    1198.000     679.000  165    1377.000     679.000
  135    4     267.000     680.000   11     334.000     679.000
  136   11     334.000     679.000    9     511.000     679.000
  137  178     305.000     609.000   12     350.000     609.000
  138    3     217.000     609.000  178     305.000     609.000
  139    2     185.000     609.000    3     217.000     609.000
  140   12     350.000     609.000   10     403.000     609.000
  141    1     105.000     679.000   18     106.000     482.000
  142   18     106.000     482.000   14     107.000     406.000
  143   14     107.000     406.000   27     106.000     273.000
  144   27     106.000     273.000   28     106.000     183.000
  145   28     106.000     183.000   60     106.000     138.000
  146   60     106.000     138.000   59     106.000       1.000
  147   61     203.000     125.000   58     173.000      58.000
  148   22     247.000     378.000   13     172.000     377.000
  149  179     371.000     389.000   20     317.000     389.000
  150  180     415.000     476.000   46     418.000     445.000
  151   16     439.000     514.000  180     415.000     476.000
  152   10     403.000     609.000  133     387.000     562.000
  153  133     387.000     562.000   15     364.000     512.000
  154  181     273.000     511.000   15     364.000     512.000
  155   23     217.000     511.000  181     273.000     511.000
  156   17     141.000     514.000   23     217.000     511.000
  157    2     185.000     609.000   17     141.000     514.000
  158   13     172.000     377.000   26     171.000     310.000
  159   26     171.000     310.000   24     247.000     311.000
  160   38     247.000     344.000   24     247.000     311.000
  161   22     247.000     378.000   38     247.000     344.000
  162   50     742.000     453.000   52     837.000     453.000
  163   52     837.000     453.000  141     848.000     482.000
  164  141     848.000     482.000  139     864.000     514.000
  165  138     756.000     515.000  139     864.000     514.000
  166    8     597.000     625.000  159     718.000     625.000
  167    6     583.000     595.000  136     704.000     593.000
  168  182     829.000     623.000  157     872.000     623.000
  169  159     718.000     625.000  182     829.000     623.000
  170  136     704.000     593.000  137     778.000     593.000
  171    6     583.000     595.000    8     597.000     625.000
  172  183     809.000     593.000  148     872.000     593.000
  173  137     778.000     593.000  183     809.000     593.000
  174  157     872.000     623.000  154    1022.000     625.000
  175  148     872.000     593.000  151    1009.000     594.000
  176  149     910.000     566.000  146     953.000     563.000
  177  184     900.000     530.000  140     904.000     505.000
  178  149     910.000     566.000  184     900.000     530.000
  179  140     904.000     505.000  185     977.000     486.000
  180  186     958.000     545.000  187     974.000     517.000
  181  146     953.000     563.000  186     958.000     545.000
  182  165    1377.000     679.000  166    1376.000     594.000
  183  166    1376.000     594.000  169    1375.000     543.000
  184  169    1375.000     543.000  130    1376.000     454.000
  185  130    1376.000     454.000  128    1372.000     413.000
  186  128    1372.000     413.000  115    1375.000     369.000
  187  115    1375.000     369.000  167    1377.000     275.000
  188  167    1377.000     275.000  172    1372.000     185.000
  189  172    1372.000     185.000  113    1375.000     135.000
  190  113    1375.000     135.000  108    1374.000       2.000
  191  109    1255.000       5.000  108    1374.000       2.000
  192  106    1183.000       3.000  109    1255.000       5.000
  193   95    1070.000       3.000  106    1183.000       3.000
  194   84     908.000       5.000   95    1070.000       3.000
  195   82     777.000       1.000   84     908.000       5.000
  196   72     549.000       1.000   82     777.000       1.000
  197   69     428.000       5.000   72     549.000       1.000
  198   68     267.000       3.000   69     428.000       5.000
  199   59     106.000       1.000   68     267.000       3.000
  200   58     173.000      58.000   67     253.000      57.000
  201  188     285.000      58.000   70     392.000      60.000
  202   67     253.000      57.000  188     285.000      58.000
  203   70     392.000      60.000   73     408.000      89.000
  204   73     408.000      89.000   66     417.000     121.000
  205  189     380.000     122.000   66     417.000     121.000
  206  190     339.000     124.000  189     380.000     122.000
  207   34     250.000     124.000  191     285.000     124.000
  208   61     203.000     125.000   34     250.000     124.000
  209   31     300.000     187.000   64     359.000     186.000
  210  192     426.000     184.000   65     494.000     184.000
  211   64     359.000     186.000  192     426.000     184.000
  212   45     550.000     243.000   42     621.000     241.000
  213  193     483.000     242.000   45     550.000     243.000
  214   44     396.000     241.000  193     483.000     242.000
  215   35     324.000     242.000   44     396.000     241.000
  216   31     300.000     187.000   35     324.000     242.000
  217   39     294.000     340.000   36     363.000     339.000
  218   75     596.000     184.000   42     621.000     241.000
  219   65     494.000     184.000   75     596.000     184.000
  220  194     480.000     338.000   40     543.000     338.000
  221   36     363.000     339.000  194     480.000     338.000
  222   40     543.000     338.000   86     719.000     338.000
  223   39     294.000     340.000   20     317.000     389.000
  224   56     732.000     361.000   51     750.000     391.000
  225   86     719.000     338.000   56     732.000     361.000
  226   78     709.000     250.000   87     708.000     313.000
  227   43     633.000     251.000   41     632.000     311.000
  228   43     633.000     251.000   79     672.000     248.000
  229   79     672.000     248.000   78     709.000     250.000
  230   41     632.000     311.000   87     708.000     313.000
  231  118    1166.000     244.000  116    1222.000     243.000
  232  195    1018.000     244.000  118    1166.000     244.000
  233  101     947.000     244.000  195    1018.000     244.000
  234  104     919.000     243.000  101     947.000     244.000
  235   89     798.000     246.000  104     919.000     243.000
  236   57     839.000     336.000  120     996.000     336.000
  237  196    1063.000     336.000  122    1171.000     337.000
  238  120     996.000     336.000  196    1063.000     336.000
  239  122    1171.000     337.000  132    1210.000     338.000
  240  132    1210.000     338.000  114    1263.000     335.000
  241  197    1018.000     382.000  121    1159.000     382.000
  242  119     968.000     383.000  197    1018.000     382.000
  243   55     858.000     386.000  119     968.000     383.000
  244  198    1048.000     423.000  125    1177.000     421.000
  245  150     952.000     425.000  198    1048.000     423.000
  246   53     877.000     426.000  150     952.000     425.000
  247   76     654.000     156.000   80     678.000     204.000
  248  116    1222.000     243.000  171    1243.000     288.000
  249  171    1243.000     288.000  114    1263.000     335.000
  250   89     798.000     246.000   57     839.000     336.000
  251   74     631.000     114.000   76     654.000     156.000
  252   80     678.000     204.000   88     775.000     205.000
  253   74     631.000     114.000   81     729.000     112.000
  254  199     803.000     204.000  105     895.000     201.000
  255   88     775.000     205.000  199     803.000     204.000
  256  200     887.000     158.000  105     895.000     201.000
  257   90     854.000     111.000  200     887.000     158.000
  258  103    1086.000     200.000  117    1147.000     213.000
  259   99    1078.000     149.000  110    1145.000     155.000
  260  201     755.000     111.000   90     854.000     111.000
  261   81     729.000     112.000  201     755.000     111.000
  262  202    1075.000     175.000   99    1078.000     149.000
  263  103    1086.000     200.000  202    1075.000     175.000
  264  117    1147.000     213.000  110    1145.000     155.000
  265  203    1170.000     473.000  124    1212.000     472.000
  266  144    1019.000     477.000  203    1170.000     473.000
  267  124    1212.000     472.000  204    1249.000     475.000
  268  205    1275.000     476.000  131    1318.000     476.000
  269  144    1019.000     477.000  206    1038.000     517.000
  270  207    1204.000     516.000  170    1336.000     516.000
  271  163    1136.000     516.000  207    1204.000     516.000
  272  206    1038.000     517.000  152    1090.000     517.000
  273  152    1090.000     517.000  163    1136.000     516.000
  274  131    1318.000     476.000  170    1336.000     516.000
  275  151    1009.000     594.000  154    1022.000     625.000
  276   53     877.000     426.000   55     858.000     386.000
  277  125    1177.000     421.000  121    1159.000     382.000
  278  208     312.000     124.000  191     285.000     124.000
  279  190     339.000     124.000  208     312.000     124.000
  280  209     980.000     121.000   91     980.000     118.000
  281   98     984.000     124.000  209     980.000     121.000
  282  210     984.000     115.000   92     988.000     118.000
  283   91     980.000     118.000  210     984.000     115.000
  284  211     987.000     121.000   98     984.000     124.000
  285   92     988.000     118.000  211     987.000     121.000
  286  212    1007.000     519.000  187     974.000     517.000
  287  206    1038.000     517.000  212    1007.000     519.000
  288   47     400.000     389.000  179     371.000     389.000
  289   32     257.000     188.000   33     268.000     153.000
  290   33     268.000     153.000  191     285.000     124.000
  291   30     286.000     175.000   63     308.000     149.000
  292  189     380.000     122.000   62     345.000     161.000
  293  190     339.000     124.000   63     308.000     149.000
  294  213     981.000      67.000  210     984.000     115.000
  295   94    1038.000      42.000  213     981.000      67.000
  296   83     920.000      36.000  213     981.000      67.000
  297  214    1019.000     153.000  102    1012.000     175.000
  298  202    1075.000     175.000  214    1019.000     153.000
  299  214    1019.000     153.000  211     987.000     121.000
  300  100     958.000     194.000  215     937.000     157.000
  301  215     937.000     157.000  209     980.000     121.000
  302  200     887.000     158.000  215     937.000     157.000
  303  184     900.000     530.000  186     958.000     545.000
  304  212    1007.000     519.000  145     992.000     558.000
  305  185     977.000     486.000  187     974.000     517.000
  306  185     977.000     486.000  143     990.000     464.000
  307  177     442.000     393.000  174     454.000     450.000
  308  180     415.000     476.000  216     334.000     421.000
  309  216     334.000     421.000   19     296.000     418.000
  310  216     334.000     421.000  179     371.000     389.000
  311  205    1275.000     476.000  204    1249.000     475.000
  312  217    1301.000     446.000  126    1320.000     418.000
  313  217    1301.000     446.000  205    1275.000     476.000
  314  129    1337.000     460.000  217    1301.000     446.000
  315  218    1238.000     431.000  123    1195.000     431.000
  316  204    1249.000     475.000  218    1238.000     431.000
  317  127    1276.000     407.000  218    1238.000     431.000
  318  193     483.000     242.000  192     426.000     184.000
  319  208     312.000     124.000  188     285.000      58.000
  320  176     515.000     391.000  194     480.000     338.000
  321  173     682.000     515.000  175     630.000     453.000
  322  183     809.000     593.000  182     829.000     623.000
  323  195    1018.000     244.000  196    1063.000     336.000
  324  198    1048.000     423.000  197    1018.000     382.000
  325  203    1170.000     473.000  207    1204.000     516.000
  326  201     755.000     111.000  199     803.000     204.000
  327  178     305.000     609.000  181     273.000     511.000
 --------------------------------
  Polygon list
   110  = numPolys 
  Poly   num    PolyNodes PolySegs
    1    4    1    1         2  157        17    9        18  141
    2    4    1  116         4    2         3  139         2    1
    3    6    2  139         3  138       178  327       181  155        23  156        17  157
    4    5    3    2         4  135        11    6        12  137       178  138
    5    5    5    3         6  167       136   89       135  120       134   88
    6    7    5   87       133  152        10    5         9  117         7    4         8  171         6    3
    7    5    5   88       134  119        16    8        15  153       133   87
    8    7    6  171         8  166       159  169       182  322       183  173       137  170       136  167
    9    4    7  118       158  104       159  166         8    4
   10    4    9    5        10  140        12    6        11  136
   11    6   10  152       133  153        15  154       181  327       178  137        12  140
   12    7   13    7        14  142        18    9        17  156        23   13        21   12        22  148
   13    4   13  158        26   15        27  143        14    7
   14    5   13  148        22  161        38  160        24  159        26  158
   15    8   15    8        16  151       180  308       216  309        19   11        21   13        23  155       181  154
   16    9   16  119       134  120       135  122       173  321       175  126        48  123       174  124        46  150       180  151
   17    6   19   10        20  223        39   24        38  161        22   12        21   11
   18    4   19  309       216  310       179  149        20   10
   19    8   20  149       179  288        47  129       177  128       176  320       194  221        36  217        39  223
   20    6   24   14        25   21        29   16        28  144        27   15        26  159
   21    8   24  160        38   24        39  217        36   23        37   27        44  215        35   22        25   14
   22    6   25   22        35  216        31   17        30   18        32   19        29   21
   23    7   28   16        29   19        32  289        33   20        34  208        61   37        60  145
   24    5   30   17        31  209        64   39        62   38        63  291
   25    7   30  291        63  293       190  279       208  278       191  290        33  289        32   18
   26    6   31  216        35  215        44  214       193  318       192  211        64  209
   27    3   33  290       191  207        34   20
   28    7   34  207       191  278       208  319       188  202        67  200        58  147        61  208
   29    8   36  221       194  220        40   25        41  227        43   26        42  212        45   28        37   23
   30    4   37   28        45  213       193  214        44   27
   31    4   40  222        86   52        87  230        41   25
   32    7   40  220       194  320       176  127        49  130        51  224        56  225        86  222
   33    5   41  230        87  226        78  229        79  228        43  227
   34    6   42   26        43  228        79   48        80  247        76   46        75  218
   35    6   42  218        75  219        65  210       192  318       193  213        45  212
   36    5   46   29        47  288       179  310       216  308       180  150
   37    4   46  124       174  307       177  129        47   29
   38    5   48   30        49  127       176  128       177  307       174  123
   39    5   48  126       175  125        50   31        51  130        49   30
   40    7   50  162        52   32        53  276        55   33        54   34        56  224        51   31
   41    7   50  125       175  321       173  121       138  165       139  164       141  163        52  162
   42    5   52  163       141   92       142   98       150  246        53   32
   43    6   53  246       150  245       198  324       197  242       119  243        55  276
   44    5   54   33        55  243       119   78       120  236        57   35
   45    8   54   35        57  250        89   54        77   47        78  226        87   52        86  225        56   34
   46    7   57  236       120  238       196  323       195  233       101  234       104  235        89  250
   47    4   58   36        59  146        60   37        61  147
   48    4   58  200        67   41        68  199        59   36
   49    4   62  292       189  206       190  293        63   38
   50    6   62   39        64  211       192  210        65   40        66  205       189  292
   51    7   65  219        75   46        76  251        74   45        71   44        73  204        66   40
   52    7   66  204        73  203        70  201       188  319       208  279       190  206       189  205
   53    5   67  202       188  201        70   42        69  198        68   41
   54    5   69   42        70  203        73   44        71   43        72  197
   55    5   71   45        74  253        81   49        82  196        72   43
   56    7   74  251        76  247        80  252        88  255       199  326       201  261        81  253
   57    5   77   53        88  252        80   48        79  229        78   47
   58    6   77   54        89  235       104   67       105  254       199  255        88   53
   59    7   81  261       201  260        90   55        85   51        83   50        84  195        82   49
   60    5   83  296       213  295        94   59        95  194        84   50
   61    5   83   51        85   56        91  283       210  294       213  296
   62    6   85   55        90  257       200  302       215  301       209  280        91   56
   63    5   90  260       201  326       199  254       105  256       200  257
   64    6   91  280       209  281        98  284       211  285        92  282       210  283
   65    5   92   57        93   58        94  295       213  294       210  282
   66    7   92  285       211  299       214  298       202  262        99   62        96   60        93   57
   67    5   93   60        96   68       106  193        95   59        94   58
   68    7   96   62        99  259       110   71       111   74       107   70       109  192       106   68
   69    5   97   61        98  281       209  301       215  300       100   63
   70    5   97   65       102  297       214  299       211  284        98   61
   71    8   97   63       100   64       101  233       195  232       118   77       117  258       103   66       102   65
   72    5   99  262       202  263       103  258       117  264       110  259
   73    6  100  300       215  302       200  256       105   67       104  234       101   64
   74    4  102   66       103  263       202  298       214  297
   75    3  107   69       108  191       109   70
   76    5  107   74       111   73       112   72       113  190       108   69
   77    6  110  264       117   77       118  231       116   76       112   73       111   71
   78    6  112   76       116  248       171  114       168  115       172  189       113   72
   79    5  114   75       115  187       167  112       168  114       171  249
   80    6  114  240       132   86       127   82       126   83       128  186       115   75
   81    8  114  249       171  248       116  231       118  232       195  323       196  237       122  239       132  240
   82    6  119  242       197  241       121   79       122  237       196  238       120   78
   83    7  121  277       125   81       123  315       218  317       127   86       132  239       122   79
   84    4  121  241       197  324       198  244       125  277
   85    4  123   80       124  267       204  316       218  315
   86    9  123   81       125  244       198  245       150   98       142   93       143   94       144  266       203  265       124   80
   87    7  124  265       203  325       207  270       170  274       131  268       205  311       204  267
   88    6  126   82       127  317       218  316       204  311       205  313       217  312
   89    5  126  312       217  314       129   84       130  185       128   83
   90    5  129   85       131  274       170  113       169  184       130   84
   91    4  129  314       217  313       205  268       131   85
   92    5  135   89       136  170       137   90       138  121       173  122
   93    8  137  173       183  172       148   97       149  178       184  177       140   91       139  165       138   90
   94    6  139   91       140  179       185  306       143   93       142   92       141  164
   95    5  140  177       184  303       186  180       187  305       185  179
   96    6  143  306       185  305       187  286       212  287       206  269       144   94
   97    6  144  269       206  272       152  273       163  271       207  325       203  266
   98    6  145   95       146  176       149   97       148  175       151   99       147   96
   99    5  145  304       212  286       187  180       186  181       146   95
  100    5  145   96       147  100       152  272       206  287       212  304
  101    4  146  181       186  303       184  178       149  176
  102    8  147   99       151  275       154  101       153  105       160  107       162  108       163  273       152  100
  103    6  148  172       183  322       182  168       157  174       154  275       151  175
  104    5  153  101       154  174       157  103       156  132       155  102
  105    4  153  102       155  133       161  106       160  105
  106    5  156  103       157  168       182  169       159  104       158  131
  107    5  160  106       161  134       165  110       164  109       162  107
  108    7  162  109       164  111       166  183       169  113       170  270       207  271       163  108
  109    3  164  110       165  182       166  111
  110    3  167  188       172  115       168  112
 --------------------------------
  Center of Polys 
  Poly    Xcenter    Ycenter
    1     133.307     584.012
    2     191.862     652.128
    3     225.873     559.582
    4     290.913     640.392
    5     592.553     558.349
    6     500.440     618.818
    7     449.622     539.945
    8     704.655     609.097
    9     642.391     651.541
   10     403.633     650.290
   11     337.123     560.886
   12     182.339     444.189
   13     135.424     341.365
   14     209.251     343.926
   15     327.171     476.080
   16     538.137     483.584
   17     277.317     386.849
   18     330.599     403.559
   19     403.692     364.942
   20     174.147     253.607
   21     330.852     290.931
   22     266.841     219.417
   23     187.985     162.663
   24     321.248     171.551
   25     291.157     148.867
   26     384.585     214.580
   27     267.667     133.667
   28     242.959      90.729
   29     521.273     295.334
   30     460.389     254.291
   31     646.913     326.640
   32     615.931     364.178
   33     670.819     280.629
   34     641.368     206.438
   35     530.799     212.125
   36     383.853     425.987
   37     428.393     418.481
   38     511.379     422.361
   39     658.503     420.438
   40     800.793     409.303
   41     752.150     483.208
   42     894.793     450.391
   43     950.815     404.470
   44     901.312     359.175
   45     765.976     302.075
   46     929.717     290.210
   47     142.196      83.388
   48     197.806      26.688
   49     343.652     139.797
   50     408.876     158.640
   51     529.294     128.930
   52     351.768      90.856
   53     335.541      30.680
   54     464.824      40.370
   55     647.587      51.844
   56     717.550     158.557
   57     715.092     224.317
   58     835.595     224.553
   59     829.450      57.078
   60     985.245      27.609
   61     953.276      75.154
   62     916.135     119.178
   63     829.198     156.335
   64     983.800     119.400
   65    1007.508      76.819
   66    1039.450     123.967
   67    1095.361      43.383
   68    1170.259      82.070
   69     964.884     158.742
   70     997.308     154.023
   71    1042.096     217.125
   72    1112.991     178.678
   73     924.136     197.028
   74    1047.213     176.000
   75    1292.000      28.333
   76    1305.604      98.559
   77    1197.306     189.907
   78    1297.348     207.810
   79    1319.445     306.352
   80    1302.023     376.631
   81    1142.212     290.121
   82    1072.920     359.534
   83    1209.249     387.745
   84    1099.756     401.739
   85    1223.550     451.633
   86    1080.001     448.231
   87    1255.299     494.761
   88    1274.350     439.996
   89    1343.028     436.816
   90    1353.243     492.203
   91    1306.162     463.894
   92     710.062     549.907
   93     834.465     551.039
   94     915.666     484.877
   95     941.367     516.055
   96    1002.253     496.543
   97    1108.781     495.993
   98     963.780     578.269
   99     979.984     539.672
  100    1037.937     540.612
  101     927.638     550.096
  102    1112.643     575.953
  103     917.726     608.467
  104     968.797     649.688
  105    1116.130     654.454
  106     793.406     653.055
  107    1252.167     631.980
  108    1284.766     549.381
  109    1348.000     621.667
  110    1354.667     235.667
 --------------------------------
