   256          Number of colors in the file
 Name                 RGB            R     G     B        C       M        Y       K
       1                 0          0     0     0        0.000   0.000   0.000   1.000
       2                 0          0     0     0        0.000   0.000   0.000   1.000
       3                 0          0     0     0        0.000   0.000   0.000   1.000
       4                 0          0     0     0        0.000   0.000   0.000   1.000
       5                 0          0     0     0        0.000   0.000   0.000   1.000
       6                 0          0     0     0        0.000   0.000   0.000   1.000
       7                 0          0     0     0        0.000   0.000   0.000   1.000
       8                 0          0     0     0        0.000   0.000   0.000   1.000
       9                 0          0     0     0        0.000   0.000   0.000   1.000
      10                 0          0     0     0        0.000   0.000   0.000   1.000
      11                 0          0     0     0        0.000   0.000   0.000   1.000
      12                 0          0     0     0        0.000   0.000   0.000   1.000
      13                 0          0     0     0        0.000   0.000   0.000   1.000
      14                 0          0     0     0        0.000   0.000   0.000   1.000
      15                 0          0     0     0        0.000   0.000   0.000   1.000
      16                 0          0     0     0        0.000   0.000   0.000   1.000
      17             65963          1     1   171        0.994   0.994   0.000   0.329
      18             65963          1     1   171        0.994   0.994   0.000   0.329
      19             65963          1     1   171        0.994   0.994   0.000   0.329
      20             65963          1     1   171        0.994   0.994   0.000   0.329
      21             65963          1     1   171        0.994   0.994   0.000   0.329
      22             65963          1     1   171        0.994   0.994   0.000   0.329
      23             65963          1     1   171        0.994   0.994   0.000   0.329
      24             65963          1     1   171        0.994   0.994   0.000   0.329
      25             65963          1     1   171        0.994   0.994   0.000   0.329
      26             65963          1     1   171        0.994   0.994   0.000   0.329
      27             65963          1     1   171        0.994   0.994   0.000   0.329
      28             65963          1     1   171        0.994   0.994   0.000   0.329
      29             65963          1     1   171        0.994   0.994   0.000   0.329
      30             65963          1     1   171        0.994   0.994   0.000   0.329
      31             65963          1     1   171        0.994   0.994   0.000   0.329
      32             65963          1     1   171        0.994   0.994   0.000   0.329
      33             66016          1     1   224        0.996   0.996   0.000   0.122
      34             66016          1     1   224        0.996   0.996   0.000   0.122
      35             66016          1     1   224        0.996   0.996   0.000   0.122
      36             66016          1     1   224        0.996   0.996   0.000   0.122
      37             66016          1     1   224        0.996   0.996   0.000   0.122
      38             66016          1     1   224        0.996   0.996   0.000   0.122
      39             66016          1     1   224        0.996   0.996   0.000   0.122
      40             66016          1     1   224        0.996   0.996   0.000   0.122
      41             66016          1     1   224        0.996   0.996   0.000   0.122
      42             66016          1     1   224        0.996   0.996   0.000   0.122
      43             66016          1     1   224        0.996   0.996   0.000   0.122
      44             66016          1     1   224        0.996   0.996   0.000   0.122
      45             66016          1     1   224        0.996   0.996   0.000   0.122
      46             66016          1     1   224        0.996   0.996   0.000   0.122
      47             66016          1     1   224        0.996   0.996   0.000   0.122
      48             66016          1     1   224        0.996   0.996   0.000   0.122
      49             28415          0   110   255        1.000   0.569   0.000   0.000
      50             28415          0   110   255        1.000   0.569   0.000   0.000
      51             28415          0   110   255        1.000   0.569   0.000   0.000
      52             28415          0   110   255        1.000   0.569   0.000   0.000
      53             28415          0   110   255        1.000   0.569   0.000   0.000
      54             28415          0   110   255        1.000   0.569   0.000   0.000
      55             28415          0   110   255        1.000   0.569   0.000   0.000
      56             28415          0   110   255        1.000   0.569   0.000   0.000
      57             28415          0   110   255        1.000   0.569   0.000   0.000
      58             28415          0   110   255        1.000   0.569   0.000   0.000
      59             28415          0   110   255        1.000   0.569   0.000   0.000
      60             28415          0   110   255        1.000   0.569   0.000   0.000
      61             28415          0   110   255        1.000   0.569   0.000   0.000
      62             28415          0   110   255        1.000   0.569   0.000   0.000
      63             28415          0   110   255        1.000   0.569   0.000   0.000
      64             28415          0   110   255        1.000   0.569   0.000   0.000
      65            109566          1   171   254        0.996   0.327   0.000   0.004
      66            109566          1   171   254        0.996   0.327   0.000   0.004
      67            109566          1   171   254        0.996   0.327   0.000   0.004
      68            109566          1   171   254        0.996   0.327   0.000   0.004
      69            109566          1   171   254        0.996   0.327   0.000   0.004
      70            109566          1   171   254        0.996   0.327   0.000   0.004
      71            109566          1   171   254        0.996   0.327   0.000   0.004
      72            109566          1   171   254        0.996   0.327   0.000   0.004
      73            109566          1   171   254        0.996   0.327   0.000   0.004
      74            109566          1   171   254        0.996   0.327   0.000   0.004
      75            109566          1   171   254        0.996   0.327   0.000   0.004
      76            109566          1   171   254        0.996   0.327   0.000   0.004
      77            109566          1   171   254        0.996   0.327   0.000   0.004
      78            109566          1   171   254        0.996   0.327   0.000   0.004
      79            109566          1   171   254        0.996   0.327   0.000   0.004
      80            109566          1   171   254        0.996   0.327   0.000   0.004
      81            123134          1   224   254        0.996   0.118   0.000   0.004
      82            123134          1   224   254        0.996   0.118   0.000   0.004
      83            123134          1   224   254        0.996   0.118   0.000   0.004
      84            123134          1   224   254        0.996   0.118   0.000   0.004
      85            123134          1   224   254        0.996   0.118   0.000   0.004
      86            123134          1   224   254        0.996   0.118   0.000   0.004
      87            123134          1   224   254        0.996   0.118   0.000   0.004
      88            123134          1   224   254        0.996   0.118   0.000   0.004
      89            123134          1   224   254        0.996   0.118   0.000   0.004
      90            123134          1   224   254        0.996   0.118   0.000   0.004
      91            123134          1   224   254        0.996   0.118   0.000   0.004
      92            123134          1   224   254        0.996   0.118   0.000   0.004
      93            123134          1   224   254        0.996   0.118   0.000   0.004
      94            123134          1   224   254        0.996   0.118   0.000   0.004
      95            123134          1   224   254        0.996   0.118   0.000   0.004
      96            123134          1   224   254        0.996   0.118   0.000   0.004
      97            130561          1   254     1        0.996   0.000   0.996   0.004
      98            130561          1   254     1        0.996   0.000   0.996   0.004
      99            130561          1   254     1        0.996   0.000   0.996   0.004
     100            130561          1   254     1        0.996   0.000   0.996   0.004
     101            130561          1   254     1        0.996   0.000   0.996   0.004
     102            130561          1   254     1        0.996   0.000   0.996   0.004
     103            130561          1   254     1        0.996   0.000   0.996   0.004
     104            130561          1   254     1        0.996   0.000   0.996   0.004
     105            130561          1   254     1        0.996   0.000   0.996   0.004
     106            130561          1   254     1        0.996   0.000   0.996   0.004
     107            130561          1   254     1        0.996   0.000   0.996   0.004
     108            130561          1   254     1        0.996   0.000   0.996   0.004
     109            130561          1   254     1        0.996   0.000   0.996   0.004
     110            130561          1   254     1        0.996   0.000   0.996   0.004
     111            130561          1   254     1        0.996   0.000   0.996   0.004
     112            130561          1   254     1        0.996   0.000   0.996   0.004
     113          12517120        190   255     0        0.255   0.000   1.000   0.000
     114          12517120        190   255     0        0.255   0.000   1.000   0.000
     115          12517120        190   255     0        0.255   0.000   1.000   0.000
     116          12517120        190   255     0        0.255   0.000   1.000   0.000
     117          12517120        190   255     0        0.255   0.000   1.000   0.000
     118          12517120        190   255     0        0.255   0.000   1.000   0.000
     119          12517120        190   255     0        0.255   0.000   1.000   0.000
     120          12517120        190   255     0        0.255   0.000   1.000   0.000
     121          12517120        190   255     0        0.255   0.000   1.000   0.000
     122          12517120        190   255     0        0.255   0.000   1.000   0.000
     123          12517120        190   255     0        0.255   0.000   1.000   0.000
     124          12517120        190   255     0        0.255   0.000   1.000   0.000
     125          12517120        190   255     0        0.255   0.000   1.000   0.000
     126          12517120        190   255     0        0.255   0.000   1.000   0.000
     127          12517120        190   255     0        0.255   0.000   1.000   0.000
     128          12517120        190   255     0        0.255   0.000   1.000   0.000
     129          16776960        255   255     0        0.000   0.000   1.000   0.000
     130          16776960        255   255     0        0.000   0.000   1.000   0.000
     131          16776960        255   255     0        0.000   0.000   1.000   0.000
     132          16776960        255   255     0        0.000   0.000   1.000   0.000
     133          16776960        255   255     0        0.000   0.000   1.000   0.000
     134          16776960        255   255     0        0.000   0.000   1.000   0.000
     135          16776960        255   255     0        0.000   0.000   1.000   0.000
     136          16776960        255   255     0        0.000   0.000   1.000   0.000
     137          16776960        255   255     0        0.000   0.000   1.000   0.000
     138          16776960        255   255     0        0.000   0.000   1.000   0.000
     139          16776960        255   255     0        0.000   0.000   1.000   0.000
     140          16776960        255   255     0        0.000   0.000   1.000   0.000
     141          16776960        255   255     0        0.000   0.000   1.000   0.000
     142          16776960        255   255     0        0.000   0.000   1.000   0.000
     143          16776960        255   255     0        0.000   0.000   1.000   0.000
     144          16776960        255   255     0        0.000   0.000   1.000   0.000
     145          16769024        255   224     0        0.000   0.122   1.000   0.000
     146          16769024        255   224     0        0.000   0.122   1.000   0.000
     147          16769024        255   224     0        0.000   0.122   1.000   0.000
     148          16769024        255   224     0        0.000   0.122   1.000   0.000
     149          16769024        255   224     0        0.000   0.122   1.000   0.000
     150          16769024        255   224     0        0.000   0.122   1.000   0.000
     151          16769024        255   224     0        0.000   0.122   1.000   0.000
     152          16769024        255   224     0        0.000   0.122   1.000   0.000
     153          16769024        255   224     0        0.000   0.122   1.000   0.000
     154          16769024        255   224     0        0.000   0.122   1.000   0.000
     155          16769024        255   224     0        0.000   0.122   1.000   0.000
     156          16769024        255   224     0        0.000   0.122   1.000   0.000
     157          16769024        255   224     0        0.000   0.122   1.000   0.000
     158          16769024        255   224     0        0.000   0.122   1.000   0.000
     159          16769024        255   224     0        0.000   0.122   1.000   0.000
     160          16769024        255   224     0        0.000   0.122   1.000   0.000
     161          16747776        255   141     0        0.000   0.447   1.000   0.000
     162          16747776        255   141     0        0.000   0.447   1.000   0.000
     163          16747776        255   141     0        0.000   0.447   1.000   0.000
     164          16747776        255   141     0        0.000   0.447   1.000   0.000
     165          16747776        255   141     0        0.000   0.447   1.000   0.000
     166          16747776        255   141     0        0.000   0.447   1.000   0.000
     167          16747776        255   141     0        0.000   0.447   1.000   0.000
     168          16747776        255   141     0        0.000   0.447   1.000   0.000
     169          16747776        255   141     0        0.000   0.447   1.000   0.000
     170          16747776        255   141     0        0.000   0.447   1.000   0.000
     171          16747776        255   141     0        0.000   0.447   1.000   0.000
     172          16747776        255   141     0        0.000   0.447   1.000   0.000
     173          16747776        255   141     0        0.000   0.447   1.000   0.000
     174          16747776        255   141     0        0.000   0.447   1.000   0.000
     175          16747776        255   141     0        0.000   0.447   1.000   0.000
     176          16747776        255   141     0        0.000   0.447   1.000   0.000
     177          16408064        250    94     0        0.000   0.624   1.000   0.020
     178          16408064        250    94     0        0.000   0.624   1.000   0.020
     179          16408064        250    94     0        0.000   0.624   1.000   0.020
     180          16408064        250    94     0        0.000   0.624   1.000   0.020
     181          16408064        250    94     0        0.000   0.624   1.000   0.020
     182          16408064        250    94     0        0.000   0.624   1.000   0.020
     183          16408064        250    94     0        0.000   0.624   1.000   0.020
     184          16408064        250    94     0        0.000   0.624   1.000   0.020
     185          16408064        250    94     0        0.000   0.624   1.000   0.020
     186          16408064        250    94     0        0.000   0.624   1.000   0.020
     187          16408064        250    94     0        0.000   0.624   1.000   0.020
     188          16408064        250    94     0        0.000   0.624   1.000   0.020
     189          16408064        250    94     0        0.000   0.624   1.000   0.020
     190          16408064        250    94     0        0.000   0.624   1.000   0.020
     191          16408064        250    94     0        0.000   0.624   1.000   0.020
     192          16408064        250    94     0        0.000   0.624   1.000   0.020
     193          16056320        245     0     0        0.000   1.000   1.000   0.039
     194          16056320        245     0     0        0.000   1.000   1.000   0.039
     195          16056320        245     0     0        0.000   1.000   1.000   0.039
     196          16056320        245     0     0        0.000   1.000   1.000   0.039
     197          16056320        245     0     0        0.000   1.000   1.000   0.039
     198          16056320        245     0     0        0.000   1.000   1.000   0.039
     199          16056320        245     0     0        0.000   1.000   1.000   0.039
     200          16056320        245     0     0        0.000   1.000   1.000   0.039
     201          16056320        245     0     0        0.000   1.000   1.000   0.039
     202          16056320        245     0     0        0.000   1.000   1.000   0.039
     203          16056320        245     0     0        0.000   1.000   1.000   0.039
     204          16056320        245     0     0        0.000   1.000   1.000   0.039
     205          16056320        245     0     0        0.000   1.000   1.000   0.039
     206          16056320        245     0     0        0.000   1.000   1.000   0.039
     207          16056320        245     0     0        0.000   1.000   1.000   0.039
     208          16056320        245     0     0        0.000   1.000   1.000   0.039
     209          16056455        245     0   135        0.000   1.000   0.449   0.039
     210          16056461        245     0   141        0.000   1.000   0.424   0.039
     211          16056467        245     0   147        0.000   1.000   0.400   0.039
     212          16056473        245     0   153        0.000   1.000   0.376   0.039
     213          16056480        245     0   160        0.000   1.000   0.347   0.039
     214          16056486        245     0   166        0.000   1.000   0.322   0.039
     215          16056492        245     0   172        0.000   1.000   0.298   0.039
     216          16056498        245     0   178        0.000   1.000   0.273   0.039
     217          16056505        245     0   185        0.000   1.000   0.245   0.039
     218          16056511        245     0   191        0.000   1.000   0.220   0.039
     219          16056517        245     0   197        0.000   1.000   0.196   0.039
     220          16056523        245     0   203        0.000   1.000   0.171   0.039
     221          16056530        245     0   210        0.000   1.000   0.143   0.039
     222          16056536        245     0   216        0.000   1.000   0.118   0.039
     223          16056542        245     0   222        0.000   1.000   0.094   0.039
     224          16056548        245     0   228        0.000   1.000   0.069   0.039
     225          14595294        222   180   222        0.000   0.189   0.000   0.129
     226          14595294        222   180   222        0.000   0.189   0.000   0.129
     227          14595294        222   180   222        0.000   0.189   0.000   0.129
     228          14595294        222   180   222        0.000   0.189   0.000   0.129
     229          14595294        222   180   222        0.000   0.189   0.000   0.129
     230          14595294        222   180   222        0.000   0.189   0.000   0.129
     231          14595294        222   180   222        0.000   0.189   0.000   0.129
     232          14595294        222   180   222        0.000   0.189   0.000   0.129
     233          14595294        222   180   222        0.000   0.189   0.000   0.129
     234          14595294        222   180   222        0.000   0.189   0.000   0.129
     235          14595294        222   180   222        0.000   0.189   0.000   0.129
     236          14595294        222   180   222        0.000   0.189   0.000   0.129
     237          14595294        222   180   222        0.000   0.189   0.000   0.129
     238          14595294        222   180   222        0.000   0.189   0.000   0.129
     239          14595294        222   180   222        0.000   0.189   0.000   0.129
     240          14595294        222   180   222        0.000   0.189   0.000   0.129
     241          16777215        255   255   255        0.000   0.000   0.000   0.000
     242          16777215        255   255   255        0.000   0.000   0.000   0.000
     243          16777215        255   255   255        0.000   0.000   0.000   0.000
     244          16777215        255   255   255        0.000   0.000   0.000   0.000
     245          16777215        255   255   255        0.000   0.000   0.000   0.000
     246          16777215        255   255   255        0.000   0.000   0.000   0.000
     247          16777215        255   255   255        0.000   0.000   0.000   0.000
     248          16777215        255   255   255        0.000   0.000   0.000   0.000
     249          16777215        255   255   255        0.000   0.000   0.000   0.000
     250          16777215        255   255   255        0.000   0.000   0.000   0.000
     251          16777215        255   255   255        0.000   0.000   0.000   0.000
     252          16777215        255   255   255        0.000   0.000   0.000   0.000
     253          16777215        255   255   255        0.000   0.000   0.000   0.000
     254          16777215        255   255   255        0.000   0.000   0.000   0.000
     255          16777215        255   255   255        0.000   0.000   0.000   0.000
     256          16777215        255   255   255        0.000   0.000   0.000   0.000
