   256          Number of colors in the file
 Name                             RGB       R     G     B        C        M        Y        K
    1                                131    0    0  131   1.000   1.000   0.000   0.486
    2                                135    0    0  135   1.000   1.000   0.000   0.471
    3                                139    0    0  139   1.000   1.000   0.000   0.455
    4                                143    0    0  143   1.000   1.000   0.000   0.439
    5                                147    0    0  147   1.000   1.000   0.000   0.424
    6                                151    0    0  151   1.000   1.000   0.000   0.408
    7                                155    0    0  155   1.000   1.000   0.000   0.392
    8                                159    0    0  159   1.000   1.000   0.000   0.376
    9                                163    0    0  163   1.000   1.000   0.000   0.361
   10                                167    0    0  167   1.000   1.000   0.000   0.345
   11                                171    0    0  171   1.000   1.000   0.000   0.329
   12                                175    0    0  175   1.000   1.000   0.000   0.314
   13                                179    0    0  179   1.000   1.000   0.000   0.298
   14                                183    0    0  183   1.000   1.000   0.000   0.282
   15                                187    0    0  187   1.000   1.000   0.000   0.267
   16                                191    0    0  191   1.000   1.000   0.000   0.251
   17                                195    0    0  195   1.000   1.000   0.000   0.235
   18                                199    0    0  199   1.000   1.000   0.000   0.220
   19                                203    0    0  203   1.000   1.000   0.000   0.204
   20                                207    0    0  207   1.000   1.000   0.000   0.188
   21                                211    0    0  211   1.000   1.000   0.000   0.173
   22                                215    0    0  215   1.000   1.000   0.000   0.157
   23                                219    0    0  219   1.000   1.000   0.000   0.141
   24                                223    0    0  223   1.000   1.000   0.000   0.125
   25                                227    0    0  227   1.000   1.000   0.000   0.110
   26                                231    0    0  231   1.000   1.000   0.000   0.094
   27                                235    0    0  235   1.000   1.000   0.000   0.078
   28                                239    0    0  239   1.000   1.000   0.000   0.063
   29                                243    0    0  243   1.000   1.000   0.000   0.047
   30                                247    0    0  247   1.000   1.000   0.000   0.031
   31                                251    0    0  251   1.000   1.000   0.000   0.016
   32                                255    0    0  255   1.000   1.000   0.000   0.000
   33                               1279    0    4  255   1.000   0.984   0.000   0.000
   34                               2303    0    8  255   1.000   0.969   0.000   0.000
   35                               3327    0   12  255   1.000   0.953   0.000   0.000
   36                               4351    0   16  255   1.000   0.937   0.000   0.000
   37                               5375    0   20  255   1.000   0.922   0.000   0.000
   38                               6399    0   24  255   1.000   0.906   0.000   0.000
   39                               7423    0   28  255   1.000   0.890   0.000   0.000
   40                               8447    0   32  255   1.000   0.875   0.000   0.000
   41                               9471    0   36  255   1.000   0.859   0.000   0.000
   42                              10495    0   40  255   1.000   0.843   0.000   0.000
   43                              11519    0   44  255   1.000   0.827   0.000   0.000
   44                              12543    0   48  255   1.000   0.812   0.000   0.000
   45                              13567    0   52  255   1.000   0.796   0.000   0.000
   46                              14591    0   56  255   1.000   0.780   0.000   0.000
   47                              15615    0   60  255   1.000   0.765   0.000   0.000
   48                              16639    0   64  255   1.000   0.749   0.000   0.000
   49                              17663    0   68  255   1.000   0.733   0.000   0.000
   50                              18687    0   72  255   1.000   0.718   0.000   0.000
   51                              19711    0   76  255   1.000   0.702   0.000   0.000
   52                              20735    0   80  255   1.000   0.686   0.000   0.000
   53                              21759    0   84  255   1.000   0.671   0.000   0.000
   54                              22783    0   88  255   1.000   0.655   0.000   0.000
   55                              23807    0   92  255   1.000   0.639   0.000   0.000
   56                              24831    0   96  255   1.000   0.624   0.000   0.000
   57                              25855    0  100  255   1.000   0.608   0.000   0.000
   58                              26879    0  104  255   1.000   0.592   0.000   0.000
   59                              27903    0  108  255   1.000   0.576   0.000   0.000
   60                              28927    0  112  255   1.000   0.561   0.000   0.000
   61                              29951    0  116  255   1.000   0.545   0.000   0.000
   62                              30975    0  120  255   1.000   0.529   0.000   0.000
   63                              31999    0  124  255   1.000   0.514   0.000   0.000
   64                              33023    0  128  255   1.000   0.498   0.000   0.000
   65                              33791    0  131  255   1.000   0.486   0.000   0.000
   66                              34815    0  135  255   1.000   0.471   0.000   0.000
   67                              35839    0  139  255   1.000   0.455   0.000   0.000
   68                              36863    0  143  255   1.000   0.439   0.000   0.000
   69                              37887    0  147  255   1.000   0.424   0.000   0.000
   70                              38911    0  151  255   1.000   0.408   0.000   0.000
   71                              39935    0  155  255   1.000   0.392   0.000   0.000
   72                              40959    0  159  255   1.000   0.376   0.000   0.000
   73                              41983    0  163  255   1.000   0.361   0.000   0.000
   74                              43007    0  167  255   1.000   0.345   0.000   0.000
   75                              44031    0  171  255   1.000   0.329   0.000   0.000
   76                              45055    0  175  255   1.000   0.314   0.000   0.000
   77                              46079    0  179  255   1.000   0.298   0.000   0.000
   78                              47103    0  183  255   1.000   0.282   0.000   0.000
   79                              48127    0  187  255   1.000   0.267   0.000   0.000
   80                              49151    0  191  255   1.000   0.251   0.000   0.000
   81                              50175    0  195  255   1.000   0.235   0.000   0.000
   82                              51199    0  199  255   1.000   0.220   0.000   0.000
   83                              52223    0  203  255   1.000   0.204   0.000   0.000
   84                              53247    0  207  255   1.000   0.188   0.000   0.000
   85                              54271    0  211  255   1.000   0.173   0.000   0.000
   86                              55295    0  215  255   1.000   0.157   0.000   0.000
   87                              56319    0  219  255   1.000   0.141   0.000   0.000
   88                              57343    0  223  255   1.000   0.125   0.000   0.000
   89                              58367    0  227  255   1.000   0.110   0.000   0.000
   90                              59391    0  231  255   1.000   0.094   0.000   0.000
   91                              60415    0  235  255   1.000   0.078   0.000   0.000
   92                              61439    0  239  255   1.000   0.063   0.000   0.000
   93                              62463    0  243  255   1.000   0.047   0.000   0.000
   94                              63487    0  247  255   1.000   0.031   0.000   0.000
   95                              64511    0  251  255   1.000   0.016   0.000   0.000
   96                              65535    0  255  255   1.000   0.000   0.000   0.000
   97                             327675    4  255  251   0.984   0.000   0.016   0.000
   98                             589815    8  255  247   0.969   0.000   0.031   0.000
   99                             851955   12  255  243   0.953   0.000   0.047   0.000
  100                            1114095   16  255  239   0.937   0.000   0.063   0.000
  101                            1376235   20  255  235   0.922   0.000   0.078   0.000
  102                            1638375   24  255  231   0.906   0.000   0.094   0.000
  103                            1900515   28  255  227   0.890   0.000   0.110   0.000
  104                            2162655   32  255  223   0.875   0.000   0.125   0.000
  105                            2424795   36  255  219   0.859   0.000   0.141   0.000
  106                            2686935   40  255  215   0.843   0.000   0.157   0.000
  107                            2949075   44  255  211   0.827   0.000   0.173   0.000
  108                            3211215   48  255  207   0.812   0.000   0.188   0.000
  109                            3473355   52  255  203   0.796   0.000   0.204   0.000
  110                            3735495   56  255  199   0.780   0.000   0.220   0.000
  111                            3997635   60  255  195   0.765   0.000   0.235   0.000
  112                            4259775   64  255  191   0.749   0.000   0.251   0.000
  113                            4521915   68  255  187   0.733   0.000   0.267   0.000
  114                            4784055   72  255  183   0.718   0.000   0.282   0.000
  115                            5046195   76  255  179   0.702   0.000   0.298   0.000
  116                            5308335   80  255  175   0.686   0.000   0.314   0.000
  117                            5570475   84  255  171   0.671   0.000   0.329   0.000
  118                            5832615   88  255  167   0.655   0.000   0.345   0.000
  119                            6094755   92  255  163   0.639   0.000   0.361   0.000
  120                            6356895   96  255  159   0.624   0.000   0.376   0.000
  121                            6619035  100  255  155   0.608   0.000   0.392   0.000
  122                            6881175  104  255  151   0.592   0.000   0.408   0.000
  123                            7143315  108  255  147   0.576   0.000   0.424   0.000
  124                            7405455  112  255  143   0.561   0.000   0.439   0.000
  125                            7667595  116  255  139   0.545   0.000   0.455   0.000
  126                            7929735  120  255  135   0.529   0.000   0.471   0.000
  127                            8191875  124  255  131   0.514   0.000   0.486   0.000
  128                            8454016  128  255  128   0.498   0.000   0.498   0.000
  129                            8650620  131  255  124   0.486   0.000   0.514   0.000
  130                            8912760  135  255  120   0.471   0.000   0.529   0.000
  131                            9174900  139  255  116   0.455   0.000   0.545   0.000
  132                            9437040  143  255  112   0.439   0.000   0.561   0.000
  133                            9699180  147  255  108   0.424   0.000   0.576   0.000
  134                            9961320  151  255  104   0.408   0.000   0.592   0.000
  135                           10223460  155  255  100   0.392   0.000   0.608   0.000
  136                           10485600  159  255   96   0.376   0.000   0.624   0.000
  137                           10747740  163  255   92   0.361   0.000   0.639   0.000
  138                           11009880  167  255   88   0.345   0.000   0.655   0.000
  139                           11272020  171  255   84   0.329   0.000   0.671   0.000
  140                           11534160  175  255   80   0.314   0.000   0.686   0.000
  141                           11796300  179  255   76   0.298   0.000   0.702   0.000
  142                           12058440  183  255   72   0.282   0.000   0.718   0.000
  143                           12320580  187  255   68   0.267   0.000   0.733   0.000
  144                           12582720  191  255   64   0.251   0.000   0.749   0.000
  145                           12844860  195  255   60   0.235   0.000   0.765   0.000
  146                           13107000  199  255   56   0.220   0.000   0.780   0.000
  147                           13369140  203  255   52   0.204   0.000   0.796   0.000
  148                           13631280  207  255   48   0.188   0.000   0.812   0.000
  149                           13893420  211  255   44   0.173   0.000   0.827   0.000
  150                           14155560  215  255   40   0.157   0.000   0.843   0.000
  151                           14417700  219  255   36   0.141   0.000   0.859   0.000
  152                           14679840  223  255   32   0.125   0.000   0.875   0.000
  153                           14941980  227  255   28   0.110   0.000   0.890   0.000
  154                           15204120  231  255   24   0.094   0.000   0.906   0.000
  155                           15466260  235  255   20   0.078   0.000   0.922   0.000
  156                           15728400  239  255   16   0.063   0.000   0.937   0.000
  157                           15990540  243  255   12   0.047   0.000   0.953   0.000
  158                           16252680  247  255    8   0.031   0.000   0.969   0.000
  159                           16514820  251  255    4   0.016   0.000   0.984   0.000
  160                           16776960  255  255    0   0.000   0.000   1.000   0.000
  161                           16775936  255  251    0   0.000   0.016   1.000   0.000
  162                           16774912  255  247    0   0.000   0.031   1.000   0.000
  163                           16773888  255  243    0   0.000   0.047   1.000   0.000
  164                           16772864  255  239    0   0.000   0.063   1.000   0.000
  165                           16771840  255  235    0   0.000   0.078   1.000   0.000
  166                           16770816  255  231    0   0.000   0.094   1.000   0.000
  167                           16769792  255  227    0   0.000   0.110   1.000   0.000
  168                           16768768  255  223    0   0.000   0.125   1.000   0.000
  169                           16767744  255  219    0   0.000   0.141   1.000   0.000
  170                           16766720  255  215    0   0.000   0.157   1.000   0.000
  171                           16765696  255  211    0   0.000   0.173   1.000   0.000
  172                           16764672  255  207    0   0.000   0.188   1.000   0.000
  173                           16763648  255  203    0   0.000   0.204   1.000   0.000
  174                           16762624  255  199    0   0.000   0.220   1.000   0.000
  175                           16761600  255  195    0   0.000   0.235   1.000   0.000
  176                           16760576  255  191    0   0.000   0.251   1.000   0.000
  177                           16759552  255  187    0   0.000   0.267   1.000   0.000
  178                           16758528  255  183    0   0.000   0.282   1.000   0.000
  179                           16757504  255  179    0   0.000   0.298   1.000   0.000
  180                           16756480  255  175    0   0.000   0.314   1.000   0.000
  181                           16755456  255  171    0   0.000   0.329   1.000   0.000
  182                           16754432  255  167    0   0.000   0.345   1.000   0.000
  183                           16753408  255  163    0   0.000   0.361   1.000   0.000
  184                           16752384  255  159    0   0.000   0.376   1.000   0.000
  185                           16751360  255  155    0   0.000   0.392   1.000   0.000
  186                           16750336  255  151    0   0.000   0.408   1.000   0.000
  187                           16749312  255  147    0   0.000   0.424   1.000   0.000
  188                           16748288  255  143    0   0.000   0.439   1.000   0.000
  189                           16747264  255  139    0   0.000   0.455   1.000   0.000
  190                           16746240  255  135    0   0.000   0.471   1.000   0.000
  191                           16745216  255  131    0   0.000   0.486   1.000   0.000
  192                           16744448  255  128    0   0.000   0.498   1.000   0.000
  193                           16743424  255  124    0   0.000   0.514   1.000   0.000
  194                           16742400  255  120    0   0.000   0.529   1.000   0.000
  195                           16741376  255  116    0   0.000   0.545   1.000   0.000
  196                           16740352  255  112    0   0.000   0.561   1.000   0.000
  197                           16739328  255  108    0   0.000   0.576   1.000   0.000
  198                           16738304  255  104    0   0.000   0.592   1.000   0.000
  199                           16737280  255  100    0   0.000   0.608   1.000   0.000
  200                           16736256  255   96    0   0.000   0.624   1.000   0.000
  201                           16735232  255   92    0   0.000   0.639   1.000   0.000
  202                           16734208  255   88    0   0.000   0.655   1.000   0.000
  203                           16733184  255   84    0   0.000   0.671   1.000   0.000
  204                           16732160  255   80    0   0.000   0.686   1.000   0.000
  205                           16731136  255   76    0   0.000   0.702   1.000   0.000
  206                           16730112  255   72    0   0.000   0.718   1.000   0.000
  207                           16729088  255   68    0   0.000   0.733   1.000   0.000
  208                           16728064  255   64    0   0.000   0.749   1.000   0.000
  209                           16727040  255   60    0   0.000   0.765   1.000   0.000
  210                           16726016  255   56    0   0.000   0.780   1.000   0.000
  211                           16724992  255   52    0   0.000   0.796   1.000   0.000
  212                           16723968  255   48    0   0.000   0.812   1.000   0.000
  213                           16722944  255   44    0   0.000   0.827   1.000   0.000
  214                           16721920  255   40    0   0.000   0.843   1.000   0.000
  215                           16720896  255   36    0   0.000   0.859   1.000   0.000
  216                           16719872  255   32    0   0.000   0.875   1.000   0.000
  217                           16718848  255   28    0   0.000   0.890   1.000   0.000
  218                           16717824  255   24    0   0.000   0.906   1.000   0.000
  219                           16716800  255   20    0   0.000   0.922   1.000   0.000
  220                           16715776  255   16    0   0.000   0.937   1.000   0.000
  221                           16714752  255   12    0   0.000   0.953   1.000   0.000
  222                           16713728  255    8    0   0.000   0.969   1.000   0.000
  223                           16712704  255    4    0   0.000   0.984   1.000   0.000
  224                           16711680  255    0    0   0.000   1.000   1.000   0.000
  225                           16449536  251    0    0   0.000   1.000   1.000   0.016
  226                           16187392  247    0    0   0.000   1.000   1.000   0.031
  227                           15925248  243    0    0   0.000   1.000   1.000   0.047
  228                           15663104  239    0    0   0.000   1.000   1.000   0.063
  229                           15400960  235    0    0   0.000   1.000   1.000   0.078
  230                           15138816  231    0    0   0.000   1.000   1.000   0.094
  231                           14876672  227    0    0   0.000   1.000   1.000   0.110
  232                           14614528  223    0    0   0.000   1.000   1.000   0.125
  233                           14352384  219    0    0   0.000   1.000   1.000   0.141
  234                           14090240  215    0    0   0.000   1.000   1.000   0.157
  235                           13828096  211    0    0   0.000   1.000   1.000   0.173
  236                           13565952  207    0    0   0.000   1.000   1.000   0.188
  237                           13303808  203    0    0   0.000   1.000   1.000   0.204
  238                           13041664  199    0    0   0.000   1.000   1.000   0.220
  239                           12779520  195    0    0   0.000   1.000   1.000   0.235
  240                           12517376  191    0    0   0.000   1.000   1.000   0.251
  241                           12255232  187    0    0   0.000   1.000   1.000   0.267
  242                           11993088  183    0    0   0.000   1.000   1.000   0.282
  243                           11730944  179    0    0   0.000   1.000   1.000   0.298
  244                           11468800  175    0    0   0.000   1.000   1.000   0.314
  245                           11206656  171    0    0   0.000   1.000   1.000   0.329
  246                           10944512  167    0    0   0.000   1.000   1.000   0.345
  247                           10682368  163    0    0   0.000   1.000   1.000   0.361
  248                           10420224  159    0    0   0.000   1.000   1.000   0.376
  249                           10158080  155    0    0   0.000   1.000   1.000   0.392
  250                            9895936  151    0    0   0.000   1.000   1.000   0.408
  251                            9633792  147    0    0   0.000   1.000   1.000   0.424
  252                            9371648  143    0    0   0.000   1.000   1.000   0.439
  253                            9109504  139    0    0   0.000   1.000   1.000   0.455
  254                            8847360  135    0    0   0.000   1.000   1.000   0.471
  255                            8585216  131    0    0   0.000   1.000   1.000   0.486
  256                             0         0    0    0   0.000   0.000   0.000   1.000
